x	y
30	4.2258
29.99	4.22583
29.98	4.22585
29.97	4.22588
29.96	4.22591
29.95	4.22593
29.94	4.22596
29.93	4.22599
29.92	4.22602
29.91	4.22604
29.9	4.22607
29.89	4.2261
29.88	4.22612
29.87	4.22615
29.86	4.22618
29.85	4.2262
29.84	4.22623
29.83	4.22626
29.82	4.22628
29.81	4.22631
29.8	4.22634
29.79	4.22636
29.78	4.22639
29.77	4.22642
29.76	4.22645
29.75	4.22647
29.74	4.2265
29.73	4.22653
29.72	4.22655
29.71	4.22658
29.7	4.22661
29.69	4.22664
29.68	4.22666
29.67	4.22669
29.66	4.22672
29.65	4.22674
29.64	4.22677
29.63	4.2268
29.62	4.22683
29.61	4.22685
29.6	4.22688
29.59	4.22691
29.58	4.22694
29.57	4.22696
29.56	4.22699
29.55	4.22702
29.54	4.22705
29.53	4.22707
29.52	4.2271
29.51	4.22713
29.5	4.22716
29.49	4.22718
29.48	4.22721
29.47	4.22724
29.46	4.22727
29.45	4.22729
29.44	4.22732
29.43	4.22735
29.42	4.22738
29.41	4.22741
29.4	4.22743
29.39	4.22746
29.38	4.22749
29.37	4.22752
29.36	4.22754
29.35	4.22757
29.34	4.2276
29.33	4.22763
29.32	4.22766
29.31	4.22768
29.3	4.22771
29.29	4.22774
29.28	4.22777
29.27	4.2278
29.26	4.22782
29.25	4.22785
29.24	4.22788
29.23	4.22791
29.22	4.22794
29.21	4.22796
29.2	4.22799
29.19	4.22802
29.18	4.22805
29.17	4.22808
29.16	4.2281
29.15	4.22813
29.14	4.22816
29.13	4.22819
29.12	4.22822
29.11	4.22825
29.1	4.22827
29.09	4.2283
29.08	4.22833
29.07	4.22836
29.06	4.22839
29.05	4.22842
29.04	4.22844
29.03	4.22847
29.02	4.2285
29.01	4.22853
29	4.22856
28.99	4.22859
28.98	4.22862
28.97	4.22864
28.96	4.22867
28.95	4.2287
28.94	4.22873
28.93	4.22876
28.92	4.22879
28.91	4.22882
28.9	4.22884
28.89	4.22887
28.88	4.2289
28.87	4.22893
28.86	4.22896
28.85	4.22899
28.84	4.22902
28.83	4.22905
28.82	4.22907
28.81	4.2291
28.8	4.22913
28.79	4.22916
28.78	4.22919
28.77	4.22922
28.76	4.22925
28.75	4.22928
28.74	4.22931
28.73	4.22934
28.72	4.22937
28.71	4.22939
28.7	4.22942
28.69	4.22945
28.68	4.22948
28.67	4.22951
28.66	4.22954
28.65	4.22957
28.64	4.2296
28.63	4.22963
28.62	4.22966
28.61	4.22969
28.6	4.22972
28.59	4.22975
28.58	4.22977
28.57	4.2298
28.56	4.22983
28.55	4.22986
28.54	4.22989
28.53	4.22992
28.52	4.22995
28.51	4.22998
28.5	4.23001
28.49	4.23004
28.48	4.23007
28.47	4.2301
28.46	4.23013
28.45	4.23016
28.44	4.23019
28.43	4.23022
28.42	4.23025
28.41	4.23028
28.4	4.23031
28.39	4.23034
28.38	4.23037
28.37	4.2304
28.36	4.23043
28.35	4.23046
28.34	4.23049
28.33	4.23052
28.32	4.23055
28.31	4.23058
28.3	4.23061
28.29	4.23064
28.28	4.23067
28.27	4.2307
28.26	4.23073
28.25	4.23076
28.24	4.23079
28.23	4.23082
28.22	4.23085
28.21	4.23088
28.2	4.23091
28.19	4.23094
28.18	4.23097
28.17	4.231
28.16	4.23103
28.15	4.23106
28.14	4.23109
28.13	4.23112
28.12	4.23115
28.11	4.23118
28.1	4.23121
28.09	4.23124
28.08	4.23127
28.07	4.2313
28.06	4.23133
28.05	4.23136
28.04	4.23139
28.03	4.23142
28.02	4.23145
28.01	4.23148
28	4.23152
27.99	4.23155
27.98	4.23158
27.97	4.23161
27.96	4.23164
27.95	4.23167
27.94	4.2317
27.93	4.23173
27.92	4.23176
27.91	4.23179
27.9	4.23182
27.89	4.23185
27.88	4.23188
27.87	4.23192
27.86	4.23195
27.85	4.23198
27.84	4.23201
27.83	4.23204
27.82	4.23207
27.81	4.2321
27.8	4.23213
27.79	4.23216
27.78	4.2322
27.77	4.23223
27.76	4.23226
27.75	4.23229
27.74	4.23232
27.73	4.23235
27.72	4.23238
27.71	4.23241
27.7	4.23245
27.69	4.23248
27.68	4.23251
27.67	4.23254
27.66	4.23257
27.65	4.2326
27.64	4.23263
27.63	4.23267
27.62	4.2327
27.61	4.23273
27.6	4.23276
27.59	4.23279
27.58	4.23282
27.57	4.23285
27.56	4.23289
27.55	4.23292
27.54	4.23295
27.53	4.23298
27.52	4.23301
27.51	4.23304
27.5	4.23308
27.49	4.23311
27.48	4.23314
27.47	4.23317
27.46	4.2332
27.45	4.23324
27.44	4.23327
27.43	4.2333
27.42	4.23333
27.41	4.23336
27.4	4.2334
27.39	4.23343
27.38	4.23346
27.37	4.23349
27.36	4.23352
27.35	4.23356
27.34	4.23359
27.33	4.23362
27.32	4.23365
27.31	4.23368
27.3	4.23372
27.29	4.23375
27.28	4.23378
27.27	4.23381
27.26	4.23385
27.25	4.23388
27.24	4.23391
27.23	4.23394
27.22	4.23398
27.21	4.23401
27.2	4.23404
27.19	4.23407
27.18	4.23411
27.17	4.23414
27.16	4.23417
27.15	4.2342
27.14	4.23424
27.13	4.23427
27.12	4.2343
27.11	4.23433
27.1	4.23437
27.09	4.2344
27.08	4.23443
27.07	4.23447
27.06	4.2345
27.05	4.23453
27.04	4.23456
27.03	4.2346
27.02	4.23463
27.01	4.23466
27	4.2347
26.99	4.23473
26.98	4.23476
26.97	4.2348
26.96	4.23483
26.95	4.23486
26.94	4.23489
26.93	4.23493
26.92	4.23496
26.91	4.23499
26.9	4.23503
26.89	4.23506
26.88	4.23509
26.87	4.23513
26.86	4.23516
26.85	4.23519
26.84	4.23523
26.83	4.23526
26.82	4.23529
26.81	4.23533
26.8	4.23536
26.79	4.23539
26.78	4.23543
26.77	4.23546
26.76	4.2355
26.75	4.23553
26.74	4.23556
26.73	4.2356
26.72	4.23563
26.71	4.23566
26.7	4.2357
26.69	4.23573
26.68	4.23576
26.67	4.2358
26.66	4.23583
26.65	4.23587
26.64	4.2359
26.63	4.23593
26.62	4.23597
26.61	4.236
26.6	4.23604
26.59	4.23607
26.58	4.2361
26.57	4.23614
26.56	4.23617
26.55	4.23621
26.54	4.23624
26.53	4.23627
26.52	4.23631
26.51	4.23634
26.5	4.23638
26.49	4.23641
26.48	4.23645
26.47	4.23648
26.46	4.23652
26.45	4.23655
26.44	4.23658
26.43	4.23662
26.42	4.23665
26.41	4.23669
26.4	4.23672
26.39	4.23676
26.38	4.23679
26.37	4.23683
26.36	4.23686
26.35	4.2369
26.34	4.23693
26.33	4.23696
26.32	4.237
26.31	4.23703
26.3	4.23707
26.29	4.2371
26.28	4.23714
26.27	4.23717
26.26	4.23721
26.25	4.23724
26.24	4.23728
26.23	4.23731
26.22	4.23735
26.21	4.23738
26.2	4.23742
26.19	4.23745
26.18	4.23749
26.17	4.23752
26.16	4.23756
26.15	4.23759
26.14	4.23763
26.13	4.23766
26.12	4.2377
26.11	4.23774
26.1	4.23777
26.09	4.23781
26.08	4.23784
26.07	4.23788
26.06	4.23791
26.05	4.23795
26.04	4.23798
26.03	4.23802
26.02	4.23805
26.01	4.23809
26	4.23813
25.99	4.23816
25.98	4.2382
25.97	4.23823
25.96	4.23827
25.95	4.2383
25.94	4.23834
25.93	4.23838
25.92	4.23841
25.91	4.23845
25.9	4.23848
25.89	4.23852
25.88	4.23855
25.87	4.23859
25.86	4.23863
25.85	4.23866
25.84	4.2387
25.83	4.23874
25.82	4.23877
25.81	4.23881
25.8	4.23884
25.79	4.23888
25.78	4.23892
25.77	4.23895
25.76	4.23899
25.75	4.23903
25.74	4.23906
25.73	4.2391
25.72	4.23913
25.71	4.23917
25.7	4.23921
25.69	4.23924
25.68	4.23928
25.67	4.23932
25.66	4.23935
25.65	4.23939
25.64	4.23943
25.63	4.23946
25.62	4.2395
25.61	4.23954
25.6	4.23957
25.59	4.23961
25.58	4.23965
25.57	4.23968
25.56	4.23972
25.55	4.23976
25.54	4.2398
25.53	4.23983
25.52	4.23987
25.51	4.23991
25.5	4.23994
25.49	4.23998
25.48	4.24002
25.47	4.24005
25.46	4.24009
25.45	4.24013
25.44	4.24017
25.43	4.2402
25.42	4.24024
25.41	4.24028
25.4	4.24032
25.39	4.24035
25.38	4.24039
25.37	4.24043
25.36	4.24047
25.35	4.2405
25.34	4.24054
25.33	4.24058
25.32	4.24062
25.31	4.24065
25.3	4.24069
25.29	4.24073
25.28	4.24077
25.27	4.2408
25.26	4.24084
25.25	4.24088
25.24	4.24092
25.23	4.24096
25.22	4.24099
25.21	4.24103
25.2	4.24107
25.19	4.24111
25.18	4.24115
25.17	4.24118
25.16	4.24122
25.15	4.24126
25.14	4.2413
25.13	4.24134
25.12	4.24137
25.11	4.24141
25.1	4.24145
25.09	4.24149
25.08	4.24153
25.07	4.24157
25.06	4.2416
25.05	4.24164
25.04	4.24168
25.03	4.24172
25.02	4.24176
25.01	4.2418
25	4.24184
24.99	4.24187
24.98	4.24191
24.97	4.24195
24.96	4.24199
24.95	4.24203
24.94	4.24207
24.93	4.24211
24.92	4.24214
24.91	4.24218
24.9	4.24222
24.89	4.24226
24.88	4.2423
24.87	4.24234
24.86	4.24238
24.85	4.24242
24.84	4.24246
24.83	4.2425
24.82	4.24254
24.81	4.24257
24.8	4.24261
24.79	4.24265
24.78	4.24269
24.77	4.24273
24.76	4.24277
24.75	4.24281
24.74	4.24285
24.73	4.24289
24.72	4.24293
24.71	4.24297
24.7	4.24301
24.69	4.24305
24.68	4.24309
24.67	4.24313
24.66	4.24317
24.65	4.24321
24.64	4.24325
24.63	4.24329
24.62	4.24333
24.61	4.24336
24.6	4.2434
24.59	4.24344
24.58	4.24348
24.57	4.24352
24.56	4.24356
24.55	4.2436
24.54	4.24364
24.53	4.24368
24.52	4.24373
24.51	4.24377
24.5	4.24381
24.49	4.24385
24.48	4.24389
24.47	4.24393
24.46	4.24397
24.45	4.24401
24.44	4.24405
24.43	4.24409
24.42	4.24413
24.41	4.24417
24.4	4.24421
24.39	4.24425
24.38	4.24429
24.37	4.24433
24.36	4.24437
24.35	4.24441
24.34	4.24445
24.33	4.24449
24.32	4.24453
24.31	4.24458
24.3	4.24462
24.29	4.24466
24.28	4.2447
24.27	4.24474
24.26	4.24478
24.25	4.24482
24.24	4.24486
24.23	4.2449
24.22	4.24495
24.21	4.24499
24.2	4.24503
24.19	4.24507
24.18	4.24511
24.17	4.24515
24.16	4.24519
24.15	4.24523
24.14	4.24528
24.13	4.24532
24.12	4.24536
24.11	4.2454
24.1	4.24544
24.09	4.24548
24.08	4.24553
24.07	4.24557
24.06	4.24561
24.05	4.24565
24.04	4.24569
24.03	4.24573
24.02	4.24578
24.01	4.24582
24	4.24586
23.99	4.2459
23.98	4.24594
23.97	4.24599
23.96	4.24603
23.95	4.24607
23.94	4.24611
23.93	4.24615
23.92	4.2462
23.91	4.24624
23.9	4.24628
23.89	4.24632
23.88	4.24637
23.87	4.24641
23.86	4.24645
23.85	4.24649
23.84	4.24654
23.83	4.24658
23.82	4.24662
23.81	4.24666
23.8	4.24671
23.79	4.24675
23.78	4.24679
23.77	4.24683
23.76	4.24688
23.75	4.24692
23.74	4.24696
23.73	4.24701
23.72	4.24705
23.71	4.24709
23.7	4.24714
23.69	4.24718
23.68	4.24722
23.67	4.24726
23.66	4.24731
23.65	4.24735
23.64	4.24739
23.63	4.24744
23.62	4.24748
23.61	4.24752
23.6	4.24757
23.59	4.24761
23.58	4.24765
23.57	4.2477
23.56	4.24774
23.55	4.24779
23.54	4.24783
23.53	4.24787
23.52	4.24792
23.51	4.24796
23.5	4.248
23.49	4.24805
23.48	4.24809
23.47	4.24814
23.46	4.24818
23.45	4.24822
23.44	4.24827
23.43	4.24831
23.42	4.24835
23.41	4.2484
23.4	4.24844
23.39	4.24849
23.38	4.24853
23.37	4.24858
23.36	4.24862
23.35	4.24866
23.34	4.24871
23.33	4.24875
23.32	4.2488
23.31	4.24884
23.3	4.24889
23.29	4.24893
23.28	4.24898
23.27	4.24902
23.26	4.24907
23.25	4.24911
23.24	4.24916
23.23	4.2492
23.22	4.24925
23.21	4.24929
23.2	4.24933
23.19	4.24938
23.18	4.24942
23.17	4.24947
23.16	4.24952
23.15	4.24956
23.14	4.24961
23.13	4.24965
23.12	4.2497
23.11	4.24974
23.1	4.24979
23.09	4.24983
23.08	4.24988
23.07	4.24992
23.06	4.24997
23.05	4.25001
23.04	4.25006
23.03	4.25011
23.02	4.25015
23.01	4.2502
23	4.25024
22.99	4.25029
22.98	4.25033
22.97	4.25038
22.96	4.25043
22.95	4.25047
22.94	4.25052
22.93	4.25056
22.92	4.25061
22.91	4.25066
22.9	4.2507
22.89	4.25075
22.88	4.25079
22.87	4.25084
22.86	4.25089
22.85	4.25093
22.84	4.25098
22.83	4.25103
22.82	4.25107
22.81	4.25112
22.8	4.25117
22.79	4.25121
22.78	4.25126
22.77	4.25131
22.76	4.25135
22.75	4.2514
22.74	4.25145
22.73	4.25149
22.72	4.25154
22.71	4.25159
22.7	4.25163
22.69	4.25168
22.68	4.25173
22.67	4.25178
22.66	4.25182
22.65	4.25187
22.64	4.25192
22.63	4.25196
22.62	4.25201
22.61	4.25206
22.6	4.25211
22.59	4.25215
22.58	4.2522
22.57	4.25225
22.56	4.2523
22.55	4.25234
22.54	4.25239
22.53	4.25244
22.52	4.25249
22.51	4.25253
22.5	4.25258
22.49	4.25263
22.48	4.25268
22.47	4.25273
22.46	4.25277
22.45	4.25282
22.44	4.25287
22.43	4.25292
22.42	4.25297
22.41	4.25302
22.4	4.25306
22.39	4.25311
22.38	4.25316
22.37	4.25321
22.36	4.25326
22.35	4.25331
22.34	4.25335
22.33	4.2534
22.32	4.25345
22.31	4.2535
22.3	4.25355
22.29	4.2536
22.28	4.25365
22.27	4.2537
22.26	4.25374
22.25	4.25379
22.24	4.25384
22.23	4.25389
22.22	4.25394
22.21	4.25399
22.2	4.25404
22.19	4.25409
22.18	4.25414
22.17	4.25419
22.16	4.25424
22.15	4.25429
22.14	4.25433
22.13	4.25438
22.12	4.25443
22.11	4.25448
22.1	4.25453
22.09	4.25458
22.08	4.25463
22.07	4.25468
22.06	4.25473
22.05	4.25478
22.04	4.25483
22.03	4.25488
22.02	4.25493
22.01	4.25498
22	4.25503
21.99	4.25508
21.98	4.25513
21.97	4.25518
21.96	4.25523
21.95	4.25528
21.94	4.25533
21.93	4.25538
21.92	4.25543
21.91	4.25549
21.9	4.25554
21.89	4.25559
21.88	4.25564
21.87	4.25569
21.86	4.25574
21.85	4.25579
21.84	4.25584
21.83	4.25589
21.82	4.25594
21.81	4.25599
21.8	4.25604
21.79	4.2561
21.78	4.25615
21.77	4.2562
21.76	4.25625
21.75	4.2563
21.74	4.25635
21.73	4.2564
21.72	4.25645
21.71	4.25651
21.7	4.25656
21.69	4.25661
21.68	4.25666
21.67	4.25671
21.66	4.25676
21.65	4.25682
21.64	4.25687
21.63	4.25692
21.62	4.25697
21.61	4.25702
21.6	4.25708
21.59	4.25713
21.58	4.25718
21.57	4.25723
21.56	4.25728
21.55	4.25734
21.54	4.25739
21.53	4.25744
21.52	4.25749
21.51	4.25755
21.5	4.2576
21.49	4.25765
21.48	4.2577
21.47	4.25776
21.46	4.25781
21.45	4.25786
21.44	4.25791
21.43	4.25797
21.42	4.25802
21.41	4.25807
21.4	4.25813
21.39	4.25818
21.38	4.25823
21.37	4.25829
21.36	4.25834
21.35	4.25839
21.34	4.25845
21.33	4.2585
21.32	4.25855
21.31	4.25861
21.3	4.25866
21.29	4.25871
21.28	4.25877
21.27	4.25882
21.26	4.25887
21.25	4.25893
21.24	4.25898
21.23	4.25904
21.22	4.25909
21.21	4.25914
21.2	4.2592
21.19	4.25925
21.18	4.25931
21.17	4.25936
21.16	4.25941
21.15	4.25947
21.14	4.25952
21.13	4.25958
21.12	4.25963
21.11	4.25969
21.1	4.25974
21.09	4.2598
21.08	4.25985
21.07	4.2599
21.06	4.25996
21.05	4.26001
21.04	4.26007
21.03	4.26012
21.02	4.26018
21.01	4.26023
21	4.26029
20.99	4.26034
20.98	4.2604
20.97	4.26045
20.96	4.26051
20.95	4.26057
20.94	4.26062
20.93	4.26068
20.92	4.26073
20.91	4.26079
20.9	4.26084
20.89	4.2609
20.88	4.26095
20.87	4.26101
20.86	4.26107
20.85	4.26112
20.84	4.26118
20.83	4.26123
20.82	4.26129
20.81	4.26135
20.8	4.2614
20.79	4.26146
20.78	4.26152
20.77	4.26157
20.76	4.26163
20.75	4.26168
20.74	4.26174
20.73	4.2618
20.72	4.26185
20.71	4.26191
20.7	4.26197
20.69	4.26202
20.68	4.26208
20.67	4.26214
20.66	4.2622
20.65	4.26225
20.64	4.26231
20.63	4.26237
20.62	4.26242
20.61	4.26248
20.6	4.26254
20.59	4.2626
20.58	4.26265
20.57	4.26271
20.56	4.26277
20.55	4.26283
20.54	4.26288
20.53	4.26294
20.52	4.263
20.51	4.26306
20.5	4.26311
20.49	4.26317
20.48	4.26323
20.47	4.26329
20.46	4.26335
20.45	4.2634
20.44	4.26346
20.43	4.26352
20.42	4.26358
20.41	4.26364
20.4	4.2637
20.39	4.26376
20.38	4.26381
20.37	4.26387
20.36	4.26393
20.35	4.26399
20.34	4.26405
20.33	4.26411
20.32	4.26417
20.31	4.26423
20.3	4.26428
20.29	4.26434
20.28	4.2644
20.27	4.26446
20.26	4.26452
20.25	4.26458
20.24	4.26464
20.23	4.2647
20.22	4.26476
20.21	4.26482
20.2	4.26488
20.19	4.26494
20.18	4.265
20.17	4.26506
20.16	4.26512
20.15	4.26518
20.14	4.26524
20.13	4.2653
20.12	4.26536
20.11	4.26542
20.1	4.26548
20.09	4.26554
20.08	4.2656
20.07	4.26566
20.06	4.26572
20.05	4.26578
20.04	4.26584
20.03	4.2659
20.02	4.26596
20.01	4.26602
20	4.26608
19.99	4.26615
19.98	4.26621
19.97	4.26627
19.96	4.26633
19.95	4.26639
19.94	4.26645
19.93	4.26651
19.92	4.26657
19.91	4.26664
19.9	4.2667
19.89	4.26676
19.88	4.26682
19.87	4.26688
19.86	4.26694
19.85	4.26701
19.84	4.26707
19.83	4.26713
19.82	4.26719
19.81	4.26725
19.8	4.26732
19.79	4.26738
19.78	4.26744
19.77	4.2675
19.76	4.26757
19.75	4.26763
19.74	4.26769
19.73	4.26775
19.72	4.26782
19.71	4.26788
19.7	4.26794
19.69	4.268
19.68	4.26807
19.67	4.26813
19.66	4.26819
19.65	4.26826
19.64	4.26832
19.63	4.26838
19.62	4.26845
19.61	4.26851
19.6	4.26857
19.59	4.26864
19.58	4.2687
19.57	4.26876
19.56	4.26883
19.55	4.26889
19.54	4.26896
19.53	4.26902
19.52	4.26908
19.51	4.26915
19.5	4.26921
19.49	4.26928
19.48	4.26934
19.47	4.2694
19.46	4.26947
19.45	4.26953
19.44	4.2696
19.43	4.26966
19.42	4.26973
19.41	4.26979
19.4	4.26986
19.39	4.26992
19.38	4.26999
19.37	4.27005
19.36	4.27012
19.35	4.27018
19.34	4.27025
19.33	4.27031
19.32	4.27038
19.31	4.27044
19.3	4.27051
19.29	4.27057
19.28	4.27064
19.27	4.27071
19.26	4.27077
19.25	4.27084
19.24	4.2709
19.23	4.27097
19.22	4.27104
19.21	4.2711
19.2	4.27117
19.19	4.27123
19.18	4.2713
19.17	4.27137
19.16	4.27143
19.15	4.2715
19.14	4.27157
19.13	4.27163
19.12	4.2717
19.11	4.27177
19.1	4.27183
19.09	4.2719
19.08	4.27197
19.07	4.27203
19.06	4.2721
19.05	4.27217
19.04	4.27224
19.03	4.2723
19.02	4.27237
19.01	4.27244
19	4.27251
18.99	4.27257
18.98	4.27264
18.97	4.27271
18.96	4.27278
18.95	4.27285
18.94	4.27291
18.93	4.27298
18.92	4.27305
18.91	4.27312
18.9	4.27319
18.89	4.27326
18.88	4.27332
18.87	4.27339
18.86	4.27346
18.85	4.27353
18.84	4.2736
18.83	4.27367
18.82	4.27374
18.81	4.27381
18.8	4.27388
18.79	4.27394
18.78	4.27401
18.77	4.27408
18.76	4.27415
18.75	4.27422
18.74	4.27429
18.73	4.27436
18.72	4.27443
18.71	4.2745
18.7	4.27457
18.69	4.27464
18.68	4.27471
18.67	4.27478
18.66	4.27485
18.65	4.27492
18.64	4.27499
18.63	4.27506
18.62	4.27513
18.61	4.2752
18.6	4.27527
18.59	4.27534
18.58	4.27542
18.57	4.27549
18.56	4.27556
18.55	4.27563
18.54	4.2757
18.53	4.27577
18.52	4.27584
18.51	4.27591
18.5	4.27598
18.49	4.27606
18.48	4.27613
18.47	4.2762
18.46	4.27627
18.45	4.27634
18.44	4.27642
18.43	4.27649
18.42	4.27656
18.41	4.27663
18.4	4.2767
18.39	4.27678
18.38	4.27685
18.37	4.27692
18.36	4.27699
18.35	4.27707
18.34	4.27714
18.33	4.27721
18.32	4.27729
18.31	4.27736
18.3	4.27743
18.29	4.2775
18.28	4.27758
18.27	4.27765
18.26	4.27772
18.25	4.2778
18.24	4.27787
18.23	4.27794
18.22	4.27802
18.21	4.27809
18.2	4.27817
18.19	4.27824
18.18	4.27831
18.17	4.27839
18.16	4.27846
18.15	4.27854
18.14	4.27861
18.13	4.27869
18.12	4.27876
18.11	4.27884
18.1	4.27891
18.09	4.27898
18.08	4.27906
18.07	4.27913
18.06	4.27921
18.05	4.27928
18.04	4.27936
18.03	4.27944
18.02	4.27951
18.01	4.27959
18	4.27966
17.99	4.27974
17.98	4.27981
17.97	4.27989
17.96	4.27996
17.95	4.28004
17.94	4.28012
17.93	4.28019
17.92	4.28027
17.91	4.28035
17.9	4.28042
17.89	4.2805
17.88	4.28058
17.87	4.28065
17.86	4.28073
17.85	4.28081
17.84	4.28088
17.83	4.28096
17.82	4.28104
17.81	4.28111
17.8	4.28119
17.79	4.28127
17.78	4.28135
17.77	4.28142
17.76	4.2815
17.75	4.28158
17.74	4.28166
17.73	4.28174
17.72	4.28181
17.71	4.28189
17.7	4.28197
17.69	4.28205
17.68	4.28213
17.67	4.28221
17.66	4.28228
17.65	4.28236
17.64	4.28244
17.63	4.28252
17.62	4.2826
17.61	4.28268
17.6	4.28276
17.59	4.28284
17.58	4.28292
17.57	4.283
17.56	4.28308
17.55	4.28316
17.54	4.28324
17.53	4.28331
17.52	4.28339
17.51	4.28347
17.5	4.28356
17.49	4.28364
17.48	4.28372
17.47	4.2838
17.46	4.28388
17.45	4.28396
17.44	4.28404
17.43	4.28412
17.42	4.2842
17.41	4.28428
17.4	4.28436
17.39	4.28444
17.38	4.28452
17.37	4.28461
17.36	4.28469
17.35	4.28477
17.34	4.28485
17.33	4.28493
17.32	4.28501
17.31	4.28509
17.3	4.28518
17.29	4.28526
17.28	4.28534
17.27	4.28542
17.26	4.28551
17.25	4.28559
17.24	4.28567
17.23	4.28575
17.22	4.28584
17.21	4.28592
17.2	4.286
17.19	4.28609
17.18	4.28617
17.17	4.28625
17.16	4.28634
17.15	4.28642
17.14	4.2865
17.13	4.28659
17.12	4.28667
17.11	4.28675
17.1	4.28684
17.09	4.28692
17.08	4.28701
17.07	4.28709
17.06	4.28718
17.05	4.28726
17.04	4.28734
17.03	4.28743
17.02	4.28751
17.01	4.2876
17	4.28768
16.99	4.28777
16.98	4.28785
16.97	4.28794
16.96	4.28802
16.95	4.28811
16.94	4.2882
16.93	4.28828
16.92	4.28837
16.91	4.28845
16.9	4.28854
16.89	4.28863
16.88	4.28871
16.87	4.2888
16.86	4.28889
16.85	4.28897
16.84	4.28906
16.83	4.28914
16.82	4.28923
16.81	4.28932
16.8	4.28941
16.79	4.28949
16.78	4.28958
16.77	4.28967
16.76	4.28976
16.75	4.28984
16.74	4.28993
16.73	4.29002
16.72	4.29011
16.71	4.29019
16.7	4.29028
16.69	4.29037
16.68	4.29046
16.67	4.29055
16.66	4.29064
16.65	4.29073
16.64	4.29081
16.63	4.2909
16.62	4.29099
16.61	4.29108
16.6	4.29117
16.59	4.29126
16.58	4.29135
16.57	4.29144
16.56	4.29153
16.55	4.29162
16.54	4.29171
16.53	4.2918
16.52	4.29189
16.51	4.29198
16.5	4.29207
16.49	4.29216
16.48	4.29225
16.47	4.29234
16.46	4.29243
16.45	4.29252
16.44	4.29262
16.43	4.29271
16.42	4.2928
16.41	4.29289
16.4	4.29298
16.39	4.29307
16.38	4.29316
16.37	4.29326
16.36	4.29335
16.35	4.29344
16.34	4.29353
16.33	4.29362
16.32	4.29372
16.31	4.29381
16.3	4.2939
16.29	4.294
16.28	4.29409
16.27	4.29418
16.26	4.29427
16.25	4.29437
16.24	4.29446
16.23	4.29456
16.22	4.29465
16.21	4.29474
16.2	4.29484
16.19	4.29493
16.18	4.29502
16.17	4.29512
16.16	4.29521
16.15	4.29531
16.14	4.2954
16.13	4.2955
16.12	4.29559
16.11	4.29569
16.1	4.29578
16.09	4.29588
16.08	4.29597
16.07	4.29607
16.06	4.29616
16.05	4.29626
16.04	4.29636
16.03	4.29645
16.02	4.29655
16.01	4.29664
16	4.29674
15.99	4.29684
15.98	4.29693
15.97	4.29703
15.96	4.29713
15.95	4.29722
15.94	4.29732
15.93	4.29742
15.92	4.29751
15.91	4.29761
15.9	4.29771
15.89	4.29781
15.88	4.29791
15.87	4.298
15.86	4.2981
15.85	4.2982
15.84	4.2983
15.83	4.2984
15.82	4.2985
15.81	4.29859
15.8	4.29869
15.79	4.29879
15.78	4.29889
15.77	4.29899
15.76	4.29909
15.75	4.29919
15.74	4.29929
15.73	4.29939
15.72	4.29949
15.71	4.29959
15.7	4.29969
15.69	4.29979
15.68	4.29989
15.67	4.29999
15.66	4.30009
15.65	4.30019
15.64	4.30029
15.63	4.30039
15.62	4.3005
15.61	4.3006
15.6	4.3007
15.59	4.3008
15.58	4.3009
15.57	4.301
15.56	4.30111
15.55	4.30121
15.54	4.30131
15.53	4.30141
15.52	4.30151
15.51	4.30162
15.5	4.30172
15.49	4.30182
15.48	4.30193
15.47	4.30203
15.46	4.30213
15.45	4.30224
15.44	4.30234
15.43	4.30244
15.42	4.30255
15.41	4.30265
15.4	4.30276
15.39	4.30286
15.38	4.30297
15.37	4.30307
15.36	4.30317
15.35	4.30328
15.34	4.30338
15.33	4.30349
15.32	4.3036
15.31	4.3037
15.3	4.30381
15.29	4.30391
15.28	4.30402
15.27	4.30412
15.26	4.30423
15.25	4.30434
15.24	4.30444
15.23	4.30455
15.22	4.30466
15.21	4.30476
15.2	4.30487
15.19	4.30498
15.18	4.30509
15.17	4.30519
15.16	4.3053
15.15	4.30541
15.14	4.30552
15.13	4.30562
15.12	4.30573
15.11	4.30584
15.1	4.30595
15.09	4.30606
15.08	4.30617
15.07	4.30628
15.06	4.30639
15.05	4.3065
15.04	4.3066
15.03	4.30671
15.02	4.30682
15.01	4.30693
15	4.30704
14.99	4.30715
14.98	4.30726
14.97	4.30737
14.96	4.30749
14.95	4.3076
14.94	4.30771
14.93	4.30782
14.92	4.30793
14.91	4.30804
14.9	4.30815
14.89	4.30826
14.88	4.30838
14.87	4.30849
14.86	4.3086
14.85	4.30871
14.84	4.30883
14.83	4.30894
14.82	4.30905
14.81	4.30916
14.8	4.30928
14.79	4.30939
14.78	4.3095
14.77	4.30962
14.76	4.30973
14.75	4.30985
14.74	4.30996
14.73	4.31007
14.72	4.31019
14.71	4.3103
14.7	4.31042
14.69	4.31053
14.68	4.31065
14.67	4.31076
14.66	4.31088
14.65	4.31099
14.64	4.31111
14.63	4.31123
14.62	4.31134
14.61	4.31146
14.6	4.31157
14.59	4.31169
14.58	4.31181
14.57	4.31192
14.56	4.31204
14.55	4.31216
14.54	4.31228
14.53	4.31239
14.52	4.31251
14.51	4.31263
14.5	4.31275
14.49	4.31287
14.48	4.31298
14.47	4.3131
14.46	4.31322
14.45	4.31334
14.44	4.31346
14.43	4.31358
14.42	4.3137
14.41	4.31382
14.4	4.31394
14.39	4.31406
14.38	4.31418
14.37	4.3143
14.36	4.31442
14.35	4.31454
14.34	4.31466
14.33	4.31478
14.32	4.3149
14.31	4.31502
14.3	4.31514
14.29	4.31527
14.28	4.31539
14.27	4.31551
14.26	4.31563
14.25	4.31575
14.24	4.31588
14.23	4.316
14.22	4.31612
14.21	4.31625
14.2	4.31637
14.19	4.31649
14.18	4.31662
14.17	4.31674
14.16	4.31686
14.15	4.31699
14.14	4.31711
14.13	4.31724
14.12	4.31736
14.11	4.31749
14.1	4.31761
14.09	4.31774
14.08	4.31786
14.07	4.31799
14.06	4.31811
14.05	4.31824
14.04	4.31837
14.03	4.31849
14.02	4.31862
14.01	4.31875
14	4.31887
13.99	4.319
13.98	4.31913
13.97	4.31926
13.96	4.31938
13.95	4.31951
13.94	4.31964
13.93	4.31977
13.92	4.3199
13.91	4.32002
13.9	4.32015
13.89	4.32028
13.88	4.32041
13.87	4.32054
13.86	4.32067
13.85	4.3208
13.84	4.32093
13.83	4.32106
13.82	4.32119
13.81	4.32132
13.8	4.32145
13.79	4.32158
13.78	4.32171
13.77	4.32185
13.76	4.32198
13.75	4.32211
13.74	4.32224
13.73	4.32237
13.72	4.32251
13.71	4.32264
13.7	4.32277
13.69	4.3229
13.68	4.32304
13.67	4.32317
13.66	4.3233
13.65	4.32344
13.64	4.32357
13.63	4.32371
13.62	4.32384
13.61	4.32398
13.6	4.32411
13.59	4.32424
13.58	4.32438
13.57	4.32452
13.56	4.32465
13.55	4.32479
13.54	4.32492
13.53	4.32506
13.52	4.3252
13.51	4.32533
13.5	4.32547
13.49	4.32561
13.48	4.32574
13.47	4.32588
13.46	4.32602
13.45	4.32616
13.44	4.3263
13.43	4.32643
13.42	4.32657
13.41	4.32671
13.4	4.32685
13.39	4.32699
13.38	4.32713
13.37	4.32727
13.36	4.32741
13.35	4.32755
13.34	4.32769
13.33	4.32783
13.32	4.32797
13.31	4.32811
13.3	4.32825
13.29	4.32839
13.28	4.32854
13.27	4.32868
13.26	4.32882
13.25	4.32896
13.24	4.3291
13.23	4.32925
13.22	4.32939
13.21	4.32953
13.2	4.32968
13.19	4.32982
13.18	4.32996
13.17	4.33011
13.16	4.33025
13.15	4.3304
13.14	4.33054
13.13	4.33069
13.12	4.33083
13.11	4.33098
13.1	4.33112
13.09	4.33127
13.08	4.33142
13.07	4.33156
13.06	4.33171
13.05	4.33186
13.04	4.332
13.03	4.33215
13.02	4.3323
13.01	4.33245
13	4.33259
12.99	4.33274
12.98	4.33289
12.97	4.33304
12.96	4.33319
12.95	4.33334
12.94	4.33349
12.93	4.33364
12.92	4.33379
12.91	4.33394
12.9	4.33409
12.89	4.33424
12.88	4.33439
12.87	4.33454
12.86	4.33469
12.85	4.33484
12.84	4.33499
12.83	4.33515
12.82	4.3353
12.81	4.33545
12.8	4.33561
12.79	4.33576
12.78	4.33591
12.77	4.33607
12.76	4.33622
12.75	4.33637
12.74	4.33653
12.73	4.33668
12.72	4.33684
12.71	4.33699
12.7	4.33715
12.69	4.3373
12.68	4.33746
12.67	4.33762
12.66	4.33777
12.65	4.33793
12.64	4.33809
12.63	4.33824
12.62	4.3384
12.61	4.33856
12.6	4.33872
12.59	4.33887
12.58	4.33903
12.57	4.33919
12.56	4.33935
12.55	4.33951
12.54	4.33967
12.53	4.33983
12.52	4.33999
12.51	4.34015
12.5	4.34031
12.49	4.34047
12.48	4.34063
12.47	4.34079
12.46	4.34096
12.45	4.34112
12.44	4.34128
12.43	4.34144
12.42	4.34161
12.41	4.34177
12.4	4.34193
12.39	4.34209
12.38	4.34226
12.37	4.34242
12.36	4.34259
12.35	4.34275
12.34	4.34292
12.33	4.34308
12.32	4.34325
12.31	4.34341
12.3	4.34358
12.29	4.34375
12.28	4.34391
12.27	4.34408
12.26	4.34425
12.25	4.34441
12.24	4.34458
12.23	4.34475
12.22	4.34492
12.21	4.34509
12.2	4.34526
12.19	4.34543
12.18	4.3456
12.17	4.34577
12.16	4.34594
12.15	4.34611
12.14	4.34628
12.13	4.34645
12.12	4.34662
12.11	4.34679
12.1	4.34696
12.09	4.34713
12.08	4.34731
12.07	4.34748
12.06	4.34765
12.05	4.34783
12.04	4.348
12.03	4.34817
12.02	4.34835
12.01	4.34852
12	4.3487
11.99	4.34887
11.98	4.34905
11.97	4.34922
11.96	4.3494
11.95	4.34958
11.94	4.34975
11.93	4.34993
11.92	4.35011
11.91	4.35029
11.9	4.35046
11.89	4.35064
11.88	4.35082
11.87	4.351
11.86	4.35118
11.85	4.35136
11.84	4.35154
11.83	4.35172
11.82	4.3519
11.81	4.35208
11.8	4.35226
11.79	4.35244
11.78	4.35262
11.77	4.35281
11.76	4.35299
11.75	4.35317
11.74	4.35335
11.73	4.35354
11.72	4.35372
11.71	4.3539
11.7	4.35409
11.69	4.35427
11.68	4.35446
11.67	4.35464
11.66	4.35483
11.65	4.35502
11.64	4.3552
11.63	4.35539
11.62	4.35558
11.61	4.35576
11.6	4.35595
11.59	4.35614
11.58	4.35633
11.57	4.35652
11.56	4.35671
11.55	4.35689
11.54	4.35708
11.53	4.35727
11.52	4.35746
11.51	4.35766
11.5	4.35785
11.49	4.35804
11.48	4.35823
11.47	4.35842
11.46	4.35861
11.45	4.35881
11.44	4.359
11.43	4.35919
11.42	4.35939
11.41	4.35958
11.4	4.35978
11.39	4.35997
11.38	4.36017
11.37	4.36036
11.36	4.36056
11.35	4.36076
11.34	4.36095
11.33	4.36115
11.32	4.36135
11.31	4.36155
11.3	4.36174
11.29	4.36194
11.28	4.36214
11.27	4.36234
11.26	4.36254
11.25	4.36274
11.24	4.36294
11.23	4.36314
11.22	4.36334
11.21	4.36354
11.2	4.36375
11.19	4.36395
11.18	4.36415
11.17	4.36435
11.16	4.36456
11.15	4.36476
11.14	4.36497
11.13	4.36517
11.12	4.36538
11.11	4.36558
11.1	4.36579
11.09	4.36599
11.08	4.3662
11.07	4.36641
11.06	4.36661
11.05	4.36682
11.04	4.36703
11.03	4.36724
11.02	4.36745
11.01	4.36766
11	4.36787
10.99	4.36808
10.98	4.36829
10.97	4.3685
10.96	4.36871
10.95	4.36892
10.94	4.36913
10.93	4.36935
10.92	4.36956
10.91	4.36977
10.9	4.36999
10.89	4.3702
10.88	4.37041
10.87	4.37063
10.86	4.37084
10.85	4.37106
10.84	4.37128
10.83	4.37149
10.82	4.37171
10.81	4.37193
10.8	4.37215
10.79	4.37236
10.78	4.37258
10.77	4.3728
10.76	4.37302
10.75	4.37324
10.74	4.37346
10.73	4.37368
10.72	4.3739
10.71	4.37413
10.7	4.37435
10.69	4.37457
10.68	4.37479
10.67	4.37502
10.66	4.37524
10.65	4.37547
10.64	4.37569
10.63	4.37592
10.62	4.37614
10.61	4.37637
10.6	4.3766
10.59	4.37682
10.58	4.37705
10.57	4.37728
10.56	4.37751
10.55	4.37774
10.54	4.37796
10.53	4.37819
10.52	4.37842
10.51	4.37866
10.5	4.37889
10.49	4.37912
10.48	4.37935
10.47	4.37958
10.46	4.37982
10.45	4.38005
10.44	4.38028
10.43	4.38052
10.42	4.38075
10.41	4.38099
10.4	4.38122
10.39	4.38146
10.38	4.3817
10.37	4.38193
10.36	4.38217
10.35	4.38241
10.34	4.38265
10.33	4.38289
10.32	4.38313
10.31	4.38337
10.3	4.38361
10.29	4.38385
10.28	4.38409
10.27	4.38433
10.26	4.38458
10.25	4.38482
10.24	4.38506
10.23	4.38531
10.22	4.38555
10.21	4.3858
10.2	4.38604
10.19	4.38629
10.18	4.38654
10.17	4.38678
10.16	4.38703
10.15	4.38728
10.14	4.38753
10.13	4.38778
10.12	4.38803
10.11	4.38828
10.1	4.38853
10.09	4.38878
10.08	4.38903
10.07	4.38928
10.06	4.38954
10.05	4.38979
10.04	4.39004
10.03	4.3903
10.02	4.39055
10.01	4.39081
10	4.39107
9.99	4.39132
9.98	4.39158
9.97	4.39184
9.96	4.3921
9.95	4.39235
9.94	4.39261
9.93	4.39287
9.92	4.39313
9.91	4.3934
9.9	4.39366
9.89	4.39392
9.88	4.39418
9.87	4.39445
9.86	4.39471
9.85	4.39497
9.84	4.39524
9.83	4.3955
9.82	4.39577
9.81	4.39604
9.8	4.3963
9.79	4.39657
9.78	4.39684
9.77	4.39711
9.76	4.39738
9.75	4.39765
9.74	4.39792
9.73	4.39819
9.72	4.39846
9.71	4.39874
9.7	4.39901
9.69	4.39928
9.68	4.39956
9.67	4.39983
9.66	4.40011
9.65	4.40038
9.64	4.40066
9.63	4.40094
9.62	4.40121
9.61	4.40149
9.6	4.40177
9.59	4.40205
9.58	4.40233
9.57	4.40261
9.56	4.40289
9.55	4.40318
9.54	4.40346
9.53	4.40374
9.52	4.40403
9.51	4.40431
9.5	4.4046
9.49	4.40488
9.48	4.40517
9.47	4.40546
9.46	4.40574
9.45	4.40603
9.44	4.40632
9.43	4.40661
9.42	4.4069
9.41	4.40719
9.4	4.40749
9.39	4.40778
9.38	4.40807
9.37	4.40836
9.36	4.40866
9.35	4.40895
9.34	4.40925
9.33	4.40955
9.32	4.40984
9.31	4.41014
9.3	4.41044
9.29	4.41074
9.28	4.41104
9.27	4.41134
9.26	4.41164
9.25	4.41194
9.24	4.41224
9.23	4.41255
9.22	4.41285
9.21	4.41316
9.2	4.41346
9.19	4.41377
9.18	4.41407
9.17	4.41438
9.16	4.41469
9.15	4.415
9.14	4.41531
9.13	4.41562
9.12	4.41593
9.11	4.41624
9.1	4.41655
9.09	4.41687
9.08	4.41718
9.07	4.4175
9.06	4.41781
9.05	4.41813
9.04	4.41844
9.03	4.41876
9.02	4.41908
9.01	4.4194
9	4.41972
8.99	4.42004
8.98	4.42036
8.97	4.42068
8.96	4.42101
8.95	4.42133
8.94	4.42165
8.93	4.42198
8.92	4.4223
8.91	4.42263
8.9	4.42296
8.89	4.42329
8.88	4.42362
8.87	4.42395
8.86	4.42428
8.85	4.42461
8.84	4.42494
8.83	4.42527
8.82	4.42561
8.81	4.42594
8.8	4.42628
8.79	4.42661
8.78	4.42695
8.77	4.42729
8.76	4.42763
8.75	4.42797
8.74	4.42831
8.73	4.42865
8.72	4.42899
8.71	4.42933
8.7	4.42968
8.69	4.43002
8.68	4.43037
8.67	4.43071
8.66	4.43106
8.65	4.43141
8.64	4.43176
8.63	4.4321
8.62	4.43246
8.61	4.43281
8.6	4.43316
8.59	4.43351
8.58	4.43387
8.57	4.43422
8.56	4.43458
8.55	4.43493
8.54	4.43529
8.53	4.43565
8.52	4.43601
8.51	4.43637
8.5	4.43673
8.49	4.43709
8.48	4.43745
8.47	4.43782
8.46	4.43818
8.45	4.43855
8.44	4.43891
8.43	4.43928
8.42	4.43965
8.41	4.44002
8.4	4.44039
8.39	4.44076
8.38	4.44113
8.37	4.4415
8.36	4.44188
8.35	4.44225
8.34	4.44263
8.33	4.44301
8.32	4.44338
8.31	4.44376
8.3	4.44414
8.29	4.44452
8.28	4.4449
8.27	4.44529
8.26	4.44567
8.25	4.44606
8.24	4.44644
8.23	4.44683
8.22	4.44722
8.21	4.4476
8.2	4.44799
8.19	4.44838
8.18	4.44878
8.17	4.44917
8.16	4.44956
8.15	4.44996
8.14	4.45035
8.13	4.45075
8.12	4.45115
8.11	4.45155
8.1	4.45195
8.09	4.45235
8.08	4.45275
8.07	4.45315
8.06	4.45356
8.05	4.45396
8.04	4.45437
8.03	4.45478
8.02	4.45518
8.01	4.45559
8	4.456
7.99	4.45642
7.98	4.45683
7.97	4.45724
7.96	4.45766
7.95	4.45807
7.94	4.45849
7.93	4.45891
7.92	4.45933
7.91	4.45975
7.9	4.46017
7.89	4.46059
7.88	4.46102
7.87	4.46144
7.86	4.46187
7.85	4.4623
7.84	4.46273
7.83	4.46316
7.82	4.46359
7.81	4.46402
7.8	4.46445
7.79	4.46489
7.78	4.46532
7.77	4.46576
7.76	4.4662
7.75	4.46664
7.74	4.46708
7.73	4.46752
7.72	4.46796
7.71	4.46841
7.7	4.46885
7.69	4.4693
7.68	4.46975
7.67	4.4702
7.66	4.47065
7.65	4.4711
7.64	4.47155
7.63	4.47201
7.62	4.47246
7.61	4.47292
7.6	4.47338
7.59	4.47384
7.58	4.4743
7.57	4.47476
7.56	4.47522
7.55	4.47569
7.54	4.47615
7.53	4.47662
7.52	4.47709
7.51	4.47756
7.5	4.47803
7.49	4.4785
7.48	4.47898
7.47	4.47945
7.46	4.47993
7.45	4.48041
7.44	4.48089
7.43	4.48137
7.42	4.48185
7.41	4.48233
7.4	4.48282
7.39	4.4833
7.38	4.48379
7.37	4.48428
7.36	4.48477
7.35	4.48526
7.34	4.48576
7.33	4.48625
7.32	4.48675
7.31	4.48725
7.3	4.48775
7.29	4.48825
7.28	4.48875
7.27	4.48925
7.26	4.48976
7.25	4.49027
7.24	4.49077
7.23	4.49128
7.22	4.4918
7.21	4.49231
7.2	4.49282
7.19	4.49334
7.18	4.49386
7.17	4.49438
7.16	4.4949
7.15	4.49542
7.14	4.49594
7.13	4.49647
7.12	4.49699
7.11	4.49752
7.1	4.49805
7.09	4.49858
7.08	4.49912
7.07	4.49965
7.06	4.50019
7.05	4.50073
7.04	4.50127
7.03	4.50181
7.02	4.50235
7.01	4.5029
7	4.50344
6.99	4.50399
6.98	4.50454
6.97	4.50509
6.96	4.50565
6.95	4.5062
6.94	4.50676
6.93	4.50732
6.92	4.50788
6.91	4.50844
6.9	4.509
6.89	4.50957
6.88	4.51013
6.87	4.5107
6.86	4.51127
6.85	4.51185
6.84	4.51242
6.83	4.513
6.82	4.51357
6.81	4.51415
6.8	4.51474
6.79	4.51532
6.78	4.5159
6.77	4.51649
6.76	4.51708
6.75	4.51767
6.74	4.51826
6.73	4.51886
6.72	4.51946
6.71	4.52005
6.7	4.52066
6.69	4.52126
6.68	4.52186
6.67	4.52247
6.66	4.52308
6.65	4.52369
6.64	4.5243
6.63	4.52491
6.62	4.52553
6.61	4.52615
6.6	4.52677
6.59	4.52739
6.58	4.52802
6.57	4.52864
6.56	4.52927
6.55	4.5299
6.54	4.53053
6.53	4.53117
6.52	4.53181
6.51	4.53244
6.5	4.53309
6.49	4.53373
6.48	4.53438
6.47	4.53502
6.46	4.53567
6.45	4.53632
6.44	4.53698
6.43	4.53763
6.42	4.53829
6.41	4.53895
6.4	4.53962
6.39	4.54028
6.38	4.54095
6.37	4.54162
6.36	4.54229
6.35	4.54297
6.34	4.54364
6.33	4.54432
6.32	4.545
6.31	4.54569
6.3	4.54637
6.29	4.54706
6.28	4.54775
6.27	4.54845
6.26	4.54914
6.25	4.54984
6.24	4.55054
6.23	4.55124
6.22	4.55195
6.21	4.55266
6.2	4.55337
6.19	4.55408
6.18	4.5548
6.17	4.55551
6.16	4.55623
6.15	4.55696
6.14	4.55768
6.13	4.55841
6.12	4.55914
6.11	4.55987
6.1	4.56061
6.09	4.56135
6.08	4.56209
6.07	4.56283
6.06	4.56358
6.05	4.56433
6.04	4.56508
6.03	4.56584
6.02	4.56659
6.01	4.56735
6	4.56812
5.99	4.56888
5.98	4.56965
5.97	4.57042
5.96	4.5712
5.95	4.57197
5.94	4.57275
5.93	4.57353
5.92	4.57432
5.91	4.57511
5.9	4.5759
5.89	4.57669
5.88	4.57749
5.87	4.57829
5.86	4.57909
5.85	4.5799
5.84	4.58071
5.83	4.58152
5.82	4.58234
5.81	4.58316
5.8	4.58398
5.79	4.5848
5.78	4.58563
5.77	4.58646
5.76	4.58729
5.75	4.58813
5.74	4.58897
5.73	4.58982
5.72	4.59066
5.71	4.59151
5.7	4.59237
5.69	4.59322
5.68	4.59408
5.67	4.59494
5.66	4.59581
5.65	4.59668
5.64	4.59756
5.63	4.59843
5.62	4.59931
5.61	4.6002
5.6	4.60108
5.59	4.60197
5.58	4.60287
5.57	4.60376
5.56	4.60467
5.55	4.60557
5.54	4.60648
5.53	4.60739
5.52	4.60831
5.51	4.60923
5.5	4.61015
5.49	4.61107
5.48	4.612
5.47	4.61294
5.46	4.61388
5.45	4.61482
5.44	4.61576
5.43	4.61671
5.42	4.61767
5.41	4.61862
5.4	4.61958
5.39	4.62055
5.38	4.62152
5.37	4.62249
5.36	4.62347
5.35	4.62445
5.34	4.62543
5.33	4.62642
5.32	4.62741
5.31	4.62841
5.3	4.62941
5.29	4.63042
5.28	4.63143
5.27	4.63244
5.26	4.63346
5.25	4.63448
5.24	4.63551
5.23	4.63654
5.22	4.63757
5.21	4.63861
5.2	4.63966
5.19	4.64071
5.18	4.64176
5.17	4.64282
5.16	4.64388
5.15	4.64495
5.14	4.64602
5.13	4.64709
5.12	4.64818
5.11	4.64926
5.1	4.65035
5.09	4.65145
5.08	4.65254
5.07	4.65365
5.06	4.65476
5.05	4.65587
5.04	4.65699
5.03	4.65812
5.02	4.65925
5.01	4.66038
5	4.66152
4.99	4.66266
4.98	4.66381
4.97	4.66497
4.96	4.66613
4.95	4.66729
4.94	4.66846
4.93	4.66964
4.92	4.67082
4.91	4.672
4.9	4.67319
4.89	4.67439
4.88	4.67559
4.87	4.6768
4.86	4.67801
4.85	4.67923
4.84	4.68046
4.83	4.68169
4.82	4.68292
4.81	4.68416
4.8	4.68541
4.79	4.68666
4.78	4.68792
4.77	4.68919
4.76	4.69046
4.75	4.69174
4.74	4.69302
4.73	4.69431
4.72	4.6956
4.71	4.6969
4.7	4.69821
4.69	4.69953
4.68	4.70085
4.67	4.70217
4.66	4.7035
4.65	4.70484
4.64	4.70619
4.63	4.70754
4.62	4.7089
4.61	4.71027
4.6	4.71164
4.59	4.71302
4.58	4.7144
4.57	4.71579
4.56	4.71719
4.55	4.7186
4.54	4.72001
4.53	4.72143
4.52	4.72286
4.51	4.72429
4.5	4.72573
4.49	4.72718
4.48	4.72864
4.47	4.7301
4.46	4.73157
4.45	4.73305
4.44	4.73454
4.43	4.73603
4.42	4.73753
4.41	4.73904
4.4	4.74055
4.39	4.74208
4.38	4.74361
4.37	4.74515
4.36	4.7467
4.35	4.74825
4.34	4.74982
4.33	4.75139
4.32	4.75297
4.31	4.75456
4.3	4.75616
4.29	4.75776
4.28	4.75938
4.27	4.761
4.26	4.76263
4.25	4.76427
4.24	4.76592
4.23	4.76757
4.22	4.76924
4.21	4.77092
4.2	4.7726
4.19	4.77429
4.18	4.776
4.17	4.77771
4.16	4.77943
4.15	4.78116
4.14	4.7829
4.13	4.78465
4.12	4.78641
4.11	4.78818
4.1	4.78996
4.09	4.79175
4.08	4.79355
4.07	4.79536
4.06	4.79718
4.05	4.79901
4.04	4.80085
4.03	4.8027
4.02	4.80456
4.01	4.80643
4	4.80832
3.99	4.81021
3.98	4.81211
3.97	4.81403
3.96	4.81596
3.95	4.81789
3.94	4.81984
3.93	4.8218
3.92	4.82377
3.91	4.82576
3.9	4.82775
3.89	4.82976
3.88	4.83178
3.87	4.83381
3.86	4.83585
3.85	4.83791
3.84	4.83997
3.83	4.84205
3.82	4.84415
3.81	4.84625
3.8	4.84837
3.79	4.8505
3.78	4.85264
3.77	4.8548
3.76	4.85697
3.75	4.85915
3.74	4.86135
3.73	4.86356
3.72	4.86579
3.71	4.86803
3.7	4.87028
3.69	4.87254
3.68	4.87483
3.67	4.87712
3.66	4.87943
3.65	4.88176
3.64	4.8841
3.63	4.88645
3.62	4.88882
3.61	4.8912
3.6	4.8936
3.59	4.89602
3.58	4.89845
3.57	4.9009
3.56	4.90336
3.55	4.90584
3.54	4.90834
3.53	4.91085
3.52	4.91338
3.51	4.91593
3.5	4.91849
3.49	4.92107
3.48	4.92367
3.47	4.92629
3.46	4.92892
3.45	4.93157
3.44	4.93424
3.43	4.93693
3.42	4.93963
3.41	4.94236
3.4	4.9451
3.39	4.94786
3.38	4.95065
3.37	4.95345
3.36	4.95627
3.35	4.95911
3.34	4.96197
3.33	4.96485
3.32	4.96775
3.31	4.97068
3.3	4.97362
3.29	4.97659
3.28	4.97957
3.27	4.98258
3.26	4.98561
3.25	4.98866
3.24	4.99174
3.23	4.99483
3.22	4.99795
3.21	5.0011
3.2	5.00426
3.19	5.00745
3.18	5.01067
3.17	5.01391
3.16	5.01717
3.15	5.02046
3.14	5.02377
3.13	5.02711
3.12	5.03047
3.11	5.03386
3.1	5.03728
3.09	5.04072
3.08	5.04419
3.07	5.04769
3.06	5.05121
3.05	5.05476
3.04	5.05834
3.03	5.06195
3.02	5.06559
3.01	5.06925
3	5.07295
2.99	5.07668
2.98	5.08043
2.97	5.08422
2.96	5.08804
2.95	5.09189
2.94	5.09577
2.93	5.09968
2.92	5.10363
2.91	5.1076
2.9	5.11162
2.89	5.11566
2.88	5.11974
2.87	5.12386
2.86	5.12801
2.85	5.1322
2.84	5.13642
2.83	5.14068
2.82	5.14497
2.81	5.14931
2.8	5.15368
2.79	5.15809
2.78	5.16254
2.77	5.16702
2.76	5.17155
2.75	5.17612
2.74	5.18073
2.73	5.18538
2.72	5.19008
2.71	5.19482
2.7	5.1996
2.69	5.20442
2.68	5.20929
2.67	5.21421
2.66	5.21917
2.65	5.22418
2.64	5.22923
2.63	5.23434
2.62	5.23949
2.61	5.24469
2.6	5.24994
2.59	5.25525
2.58	5.2606
2.57	5.26601
2.56	5.27147
2.55	5.27698
2.54	5.28255
2.53	5.28817
2.52	5.29385
2.51	5.29959
2.5	5.30539
2.49	5.31124
2.48	5.31716
2.47	5.32314
2.46	5.32917
2.45	5.33528
2.44	5.34144
2.43	5.34767
2.42	5.35397
2.41	5.36033
2.4	5.36676
2.39	5.37326
2.38	5.37983
2.37	5.38647
2.36	5.39319
2.35	5.39998
2.34	5.40684
2.33	5.41378
2.32	5.4208
2.31	5.4279
2.3	5.43507
2.29	5.44233
2.28	5.44968
2.27	5.4571
2.26	5.46462
2.25	5.47222
2.24	5.47991
2.23	5.48769
2.22	5.49556
2.21	5.50353
2.2	5.51159
2.19	5.51975
2.18	5.52801
2.17	5.53638
2.16	5.54484
2.15	5.55341
2.14	5.56209
2.13	5.57087
2.12	5.57977
2.11	5.58878
2.1	5.59791
2.09	5.60716
2.08	5.61652
2.07	5.62601
2.06	5.63562
2.05	5.64536
2.04	5.65523
2.03	5.66524
2.02	5.67538
2.01	5.68566
2	5.69608
1.99	5.70664
1.98	5.71735
1.97	5.72822
1.96	5.73923
1.95	5.75041
1.94	5.76174
1.93	5.77324
1.92	5.78491
1.91	5.79675
1.9	5.80876
1.89	5.82095
1.88	5.83333
1.87	5.8459
1.86	5.85866
1.85	5.87161
1.84	5.88477
1.83	5.89813
1.82	5.91171
1.81	5.9255
1.8	5.93952
1.79	5.95376
1.78	5.96824
1.77	5.98295
1.76	5.99791
1.75	6.01313
1.74	6.0286
1.73	6.04434
1.72	6.06035
1.71	6.07663
1.7	6.09321
1.69	6.11008
1.68	6.12726
1.67	6.14474
1.66	6.16255
1.65	6.18069
1.64	6.19917
1.63	6.21799
1.62	6.23718
1.61	6.25674
1.6	6.27667
1.59	6.297
1.58	6.31774
1.57	6.3389
1.56	6.36048
1.55	6.38251
1.54	6.40501
1.53	6.42797
1.52	6.45143
1.51	6.47539
1.5	6.49988
1.49	6.52491
1.48	6.5505
1.47	6.57668
1.46	6.60346
1.45	6.63086
1.44	6.6589
1.43	6.68762
1.42	6.71704
1.41	6.74719
1.4	6.77808
1.39	6.80976
1.38	6.84225
1.37	6.8756
1.36	6.90982
1.35	6.94497
1.34	6.98108
1.33	7.0182
1.32	7.05637
1.31	7.09563
1.3	7.13604
1.29	7.17766
1.28	7.22053
1.27	7.26473
1.26	7.31033
1.25	7.35738
1.24	7.40598
1.23	7.4562
1.22	7.50813
1.21	7.56187
1.2	7.61753
1.19	7.67521
1.18	7.73505
1.17	7.79716
1.16	7.86172
1.15	7.92886
1.14	7.99877
1.13	8.07164
1.12	8.14769
1.11	8.22715
1.1	8.31028
1.09	8.39738
1.08	8.48878
1.07	8.58485
1.06	8.686
1.05	8.7927
1.04	8.9055
1.03	9.02502
1.02	9.15198
1.01	9.2872
1	9.43168
0.99	9.58657
0.98	9.75327
0.97	9.93345
0.96	10.1292
0.95	10.343
0.94	10.5782
0.93	10.8389
0.92	11.1307
0.91	11.4611
0.9	11.8407
0.89	12.2851
0.88	12.8189
0.87	13.4835
0.86	14.3584
0.85	15.6279
0.84	17.9273
-0.84	17.9273
-0.85	15.6279
-0.86	14.3584
-0.87	13.4835
-0.88	12.8189
-0.89	12.2851
-0.9	11.8407
-0.91	11.4611
-0.92	11.1307
-0.93	10.8389
-0.94	10.5782
-0.95	10.343
-0.96	10.1292
-0.97	9.93345
-0.98	9.75327
-0.99	9.58657
-1	9.43168
-1.01	9.2872
-1.02	9.15198
-1.03	9.02502
-1.04	8.9055
-1.05	8.7927
-1.06	8.686
-1.07	8.58485
-1.08	8.48878
-1.09	8.39738
-1.1	8.31028
-1.11	8.22715
-1.12	8.14769
-1.13	8.07164
-1.14	7.99877
-1.15	7.92886
-1.16	7.86172
-1.17	7.79716
-1.18	7.73505
-1.19	7.67521
-1.2	7.61753
-1.21	7.56187
-1.22	7.50813
-1.23	7.4562
-1.24	7.40598
-1.25	7.35738
-1.26	7.31033
-1.27	7.26473
-1.28	7.22053
-1.29	7.17766
-1.3	7.13604
-1.31	7.09563
-1.32	7.05637
-1.33	7.0182
-1.34	6.98108
-1.35	6.94497
-1.36	6.90982
-1.37	6.8756
-1.38	6.84225
-1.39	6.80976
-1.4	6.77808
-1.41	6.74719
-1.42	6.71704
-1.43	6.68762
-1.44	6.6589
-1.45	6.63086
-1.46	6.60346
-1.47	6.57668
-1.48	6.5505
-1.49	6.52491
-1.5	6.49988
-1.51	6.47539
-1.52	6.45143
-1.53	6.42797
-1.54	6.40501
-1.55	6.38251
-1.56	6.36048
-1.57	6.3389
-1.58	6.31774
-1.59	6.297
-1.6	6.27667
-1.61	6.25674
-1.62	6.23718
-1.63	6.21799
-1.64	6.19917
-1.65	6.18069
-1.66	6.16255
-1.67	6.14474
-1.68	6.12726
-1.69	6.11008
-1.7	6.09321
-1.71	6.07663
-1.72	6.06035
-1.73	6.04434
-1.74	6.0286
-1.75	6.01313
-1.76	5.99791
-1.77	5.98295
-1.78	5.96824
-1.79	5.95376
-1.8	5.93952
-1.81	5.9255
-1.82	5.91171
-1.83	5.89813
-1.84	5.88477
-1.85	5.87161
-1.86	5.85866
-1.87	5.8459
-1.88	5.83333
-1.89	5.82095
-1.9	5.80876
-1.91	5.79675
-1.92	5.78491
-1.93	5.77324
-1.94	5.76174
-1.95	5.75041
-1.96	5.73923
-1.97	5.72822
-1.98	5.71735
-1.99	5.70664
-2	5.69608
-2.01	5.68566
-2.02	5.67538
-2.03	5.66524
-2.04	5.65523
-2.05	5.64536
-2.06	5.63562
-2.07	5.62601
-2.08	5.61652
-2.09	5.60716
-2.1	5.59791
-2.11	5.58878
-2.12	5.57977
-2.13	5.57087
-2.14	5.56209
-2.15	5.55341
-2.16	5.54484
-2.17	5.53638
-2.18	5.52801
-2.19	5.51975
-2.2	5.51159
-2.21	5.50353
-2.22	5.49556
-2.23	5.48769
-2.24	5.47991
-2.25	5.47222
-2.26	5.46462
-2.27	5.4571
-2.28	5.44968
-2.29	5.44233
-2.3	5.43507
-2.31	5.4279
-2.32	5.4208
-2.33	5.41378
-2.34	5.40684
-2.35	5.39998
-2.36	5.39319
-2.37	5.38647
-2.38	5.37983
-2.39	5.37326
-2.4	5.36676
-2.41	5.36033
-2.42	5.35397
-2.43	5.34767
-2.44	5.34144
-2.45	5.33528
-2.46	5.32917
-2.47	5.32314
-2.48	5.31716
-2.49	5.31124
-2.5	5.30539
-2.51	5.29959
-2.52	5.29385
-2.53	5.28817
-2.54	5.28255
-2.55	5.27698
-2.56	5.27147
-2.57	5.26601
-2.58	5.2606
-2.59	5.25525
-2.6	5.24994
-2.61	5.24469
-2.62	5.23949
-2.63	5.23434
-2.64	5.22923
-2.65	5.22418
-2.66	5.21917
-2.67	5.21421
-2.68	5.20929
-2.69	5.20442
-2.7	5.1996
-2.71	5.19482
-2.72	5.19008
-2.73	5.18538
-2.74	5.18073
-2.75	5.17612
-2.76	5.17155
-2.77	5.16702
-2.78	5.16254
-2.79	5.15809
-2.8	5.15368
-2.81	5.14931
-2.82	5.14497
-2.83	5.14068
-2.84	5.13642
-2.85	5.1322
-2.86	5.12801
-2.87	5.12386
-2.88	5.11974
-2.89	5.11566
-2.9	5.11162
-2.91	5.1076
-2.92	5.10363
-2.93	5.09968
-2.94	5.09577
-2.95	5.09189
-2.96	5.08804
-2.97	5.08422
-2.98	5.08043
-2.99	5.07668
-3	5.07295
-3.01	5.06925
-3.02	5.06559
-3.03	5.06195
-3.04	5.05834
-3.05	5.05476
-3.06	5.05121
-3.07	5.04769
-3.08	5.04419
-3.09	5.04072
-3.1	5.03728
-3.11	5.03386
-3.12	5.03047
-3.13	5.02711
-3.14	5.02377
-3.15	5.02046
-3.16	5.01717
-3.17	5.01391
-3.18	5.01067
-3.19	5.00745
-3.2	5.00426
-3.21	5.0011
-3.22	4.99795
-3.23	4.99483
-3.24	4.99174
-3.25	4.98866
-3.26	4.98561
-3.27	4.98258
-3.28	4.97957
-3.29	4.97659
-3.3	4.97362
-3.31	4.97068
-3.32	4.96775
-3.33	4.96485
-3.34	4.96197
-3.35	4.95911
-3.36	4.95627
-3.37	4.95345
-3.38	4.95065
-3.39	4.94786
-3.4	4.9451
-3.41	4.94236
-3.42	4.93963
-3.43	4.93693
-3.44	4.93424
-3.45	4.93157
-3.46	4.92892
-3.47	4.92629
-3.48	4.92367
-3.49	4.92107
-3.5	4.91849
-3.51	4.91593
-3.52	4.91338
-3.53	4.91085
-3.54	4.90834
-3.55	4.90584
-3.56	4.90336
-3.57	4.9009
-3.58	4.89845
-3.59	4.89602
-3.6	4.8936
-3.61	4.8912
-3.62	4.88882
-3.63	4.88645
-3.64	4.8841
-3.65	4.88176
-3.66	4.87943
-3.67	4.87712
-3.68	4.87483
-3.69	4.87254
-3.7	4.87028
-3.71	4.86803
-3.72	4.86579
-3.73	4.86356
-3.74	4.86135
-3.75	4.85915
-3.76	4.85697
-3.77	4.8548
-3.78	4.85264
-3.79	4.8505
-3.8	4.84837
-3.81	4.84625
-3.82	4.84415
-3.83	4.84205
-3.84	4.83997
-3.85	4.83791
-3.86	4.83585
-3.87	4.83381
-3.88	4.83178
-3.89	4.82976
-3.9	4.82775
-3.91	4.82576
-3.92	4.82377
-3.93	4.8218
-3.94	4.81984
-3.95	4.81789
-3.96	4.81596
-3.97	4.81403
-3.98	4.81211
-3.99	4.81021
-4	4.80832
-4.01	4.80643
-4.02	4.80456
-4.03	4.8027
-4.04	4.80085
-4.05	4.79901
-4.06	4.79718
-4.07	4.79536
-4.08	4.79355
-4.09	4.79175
-4.1	4.78996
-4.11	4.78818
-4.12	4.78641
-4.13	4.78465
-4.14	4.7829
-4.15	4.78116
-4.16	4.77943
-4.17	4.77771
-4.18	4.776
-4.19	4.77429
-4.2	4.7726
-4.21	4.77092
-4.22	4.76924
-4.23	4.76757
-4.24	4.76592
-4.25	4.76427
-4.26	4.76263
-4.27	4.761
-4.28	4.75938
-4.29	4.75776
-4.3	4.75616
-4.31	4.75456
-4.32	4.75297
-4.33	4.75139
-4.34	4.74982
-4.35	4.74825
-4.36	4.7467
-4.37	4.74515
-4.38	4.74361
-4.39	4.74208
-4.4	4.74055
-4.41	4.73904
-4.42	4.73753
-4.43	4.73603
-4.44	4.73454
-4.45	4.73305
-4.46	4.73157
-4.47	4.7301
-4.48	4.72864
-4.49	4.72718
-4.5	4.72573
-4.51	4.72429
-4.52	4.72286
-4.53	4.72143
-4.54	4.72001
-4.55	4.7186
-4.56	4.71719
-4.57	4.71579
-4.58	4.7144
-4.59	4.71302
-4.6	4.71164
-4.61	4.71027
-4.62	4.7089
-4.63	4.70754
-4.64	4.70619
-4.65	4.70484
-4.66	4.7035
-4.67	4.70217
-4.68	4.70085
-4.69	4.69953
-4.7	4.69821
-4.71	4.6969
-4.72	4.6956
-4.73	4.69431
-4.74	4.69302
-4.75	4.69174
-4.76	4.69046
-4.77	4.68919
-4.78	4.68792
-4.79	4.68666
-4.8	4.68541
-4.81	4.68416
-4.82	4.68292
-4.83	4.68169
-4.84	4.68046
-4.85	4.67923
-4.86	4.67801
-4.87	4.6768
-4.88	4.67559
-4.89	4.67439
-4.9	4.67319
-4.91	4.672
-4.92	4.67082
-4.93	4.66964
-4.94	4.66846
-4.95	4.66729
-4.96	4.66613
-4.97	4.66497
-4.98	4.66381
-4.99	4.66266
-5	4.66152
-5.01	4.66038
-5.02	4.65925
-5.03	4.65812
-5.04	4.65699
-5.05	4.65587
-5.06	4.65476
-5.07	4.65365
-5.08	4.65254
-5.09	4.65145
-5.1	4.65035
-5.11	4.64926
-5.12	4.64818
-5.13	4.64709
-5.14	4.64602
-5.15	4.64495
-5.16	4.64388
-5.17	4.64282
-5.18	4.64176
-5.19	4.64071
-5.2	4.63966
-5.21	4.63861
-5.22	4.63757
-5.23	4.63654
-5.24	4.63551
-5.25	4.63448
-5.26	4.63346
-5.27	4.63244
-5.28	4.63143
-5.29	4.63042
-5.3	4.62941
-5.31	4.62841
-5.32	4.62741
-5.33	4.62642
-5.34	4.62543
-5.35	4.62445
-5.36	4.62347
-5.37	4.62249
-5.38	4.62152
-5.39	4.62055
-5.4	4.61958
-5.41	4.61862
-5.42	4.61767
-5.43	4.61671
-5.44	4.61576
-5.45	4.61482
-5.46	4.61388
-5.47	4.61294
-5.48	4.612
-5.49	4.61107
-5.5	4.61015
-5.51	4.60923
-5.52	4.60831
-5.53	4.60739
-5.54	4.60648
-5.55	4.60557
-5.56	4.60467
-5.57	4.60376
-5.58	4.60287
-5.59	4.60197
-5.6	4.60108
-5.61	4.6002
-5.62	4.59931
-5.63	4.59843
-5.64	4.59756
-5.65	4.59668
-5.66	4.59581
-5.67	4.59494
-5.68	4.59408
-5.69	4.59322
-5.7	4.59237
-5.71	4.59151
-5.72	4.59066
-5.73	4.58982
-5.74	4.58897
-5.75	4.58813
-5.76	4.58729
-5.77	4.58646
-5.78	4.58563
-5.79	4.5848
-5.8	4.58398
-5.81	4.58316
-5.82	4.58234
-5.83	4.58152
-5.84	4.58071
-5.85	4.5799
-5.86	4.57909
-5.87	4.57829
-5.88	4.57749
-5.89	4.57669
-5.9	4.5759
-5.91	4.57511
-5.92	4.57432
-5.93	4.57353
-5.94	4.57275
-5.95	4.57197
-5.96	4.5712
-5.97	4.57042
-5.98	4.56965
-5.99	4.56888
-6	4.56812
-6.01	4.56735
-6.02	4.56659
-6.03	4.56584
-6.04	4.56508
-6.05	4.56433
-6.06	4.56358
-6.07	4.56283
-6.08	4.56209
-6.09	4.56135
-6.1	4.56061
-6.11	4.55987
-6.12	4.55914
-6.13	4.55841
-6.14	4.55768
-6.15	4.55696
-6.16	4.55623
-6.17	4.55551
-6.18	4.5548
-6.19	4.55408
-6.2	4.55337
-6.21	4.55266
-6.22	4.55195
-6.23	4.55124
-6.24	4.55054
-6.25	4.54984
-6.26	4.54914
-6.27	4.54845
-6.28	4.54775
-6.29	4.54706
-6.3	4.54637
-6.31	4.54569
-6.32	4.545
-6.33	4.54432
-6.34	4.54364
-6.35	4.54297
-6.36	4.54229
-6.37	4.54162
-6.38	4.54095
-6.39	4.54028
-6.4	4.53962
-6.41	4.53895
-6.42	4.53829
-6.43	4.53763
-6.44	4.53698
-6.45	4.53632
-6.46	4.53567
-6.47	4.53502
-6.48	4.53438
-6.49	4.53373
-6.5	4.53309
-6.51	4.53244
-6.52	4.53181
-6.53	4.53117
-6.54	4.53053
-6.55	4.5299
-6.56	4.52927
-6.57	4.52864
-6.58	4.52802
-6.59	4.52739
-6.6	4.52677
-6.61	4.52615
-6.62	4.52553
-6.63	4.52491
-6.64	4.5243
-6.65	4.52369
-6.66	4.52308
-6.67	4.52247
-6.68	4.52186
-6.69	4.52126
-6.7	4.52066
-6.71	4.52005
-6.72	4.51946
-6.73	4.51886
-6.74	4.51826
-6.75	4.51767
-6.76	4.51708
-6.77	4.51649
-6.78	4.5159
-6.79	4.51532
-6.8	4.51474
-6.81	4.51415
-6.82	4.51357
-6.83	4.513
-6.84	4.51242
-6.85	4.51185
-6.86	4.51127
-6.87	4.5107
-6.88	4.51013
-6.89	4.50957
-6.9	4.509
-6.91	4.50844
-6.92	4.50788
-6.93	4.50732
-6.94	4.50676
-6.95	4.5062
-6.96	4.50565
-6.97	4.50509
-6.98	4.50454
-6.99	4.50399
-7	4.50344
-7.01	4.5029
-7.02	4.50235
-7.03	4.50181
-7.04	4.50127
-7.05	4.50073
-7.06	4.50019
-7.07	4.49965
-7.08	4.49912
-7.09	4.49858
-7.1	4.49805
-7.11	4.49752
-7.12	4.49699
-7.13	4.49647
-7.14	4.49594
-7.15	4.49542
-7.16	4.4949
-7.17	4.49438
-7.18	4.49386
-7.19	4.49334
-7.2	4.49282
-7.21	4.49231
-7.22	4.4918
-7.23	4.49128
-7.24	4.49077
-7.25	4.49027
-7.26	4.48976
-7.27	4.48925
-7.28	4.48875
-7.29	4.48825
-7.3	4.48775
-7.31	4.48725
-7.32	4.48675
-7.33	4.48625
-7.34	4.48576
-7.35	4.48526
-7.36	4.48477
-7.37	4.48428
-7.38	4.48379
-7.39	4.4833
-7.4	4.48282
-7.41	4.48233
-7.42	4.48185
-7.43	4.48137
-7.44	4.48089
-7.45	4.48041
-7.46	4.47993
-7.47	4.47945
-7.48	4.47898
-7.49	4.4785
-7.5	4.47803
-7.51	4.47756
-7.52	4.47709
-7.53	4.47662
-7.54	4.47615
-7.55	4.47569
-7.56	4.47522
-7.57	4.47476
-7.58	4.4743
-7.59	4.47384
-7.6	4.47338
-7.61	4.47292
-7.62	4.47246
-7.63	4.47201
-7.64	4.47155
-7.65	4.4711
-7.66	4.47065
-7.67	4.4702
-7.68	4.46975
-7.69	4.4693
-7.7	4.46885
-7.71	4.46841
-7.72	4.46796
-7.73	4.46752
-7.74	4.46708
-7.75	4.46664
-7.76	4.4662
-7.77	4.46576
-7.78	4.46532
-7.79	4.46489
-7.8	4.46445
-7.81	4.46402
-7.82	4.46359
-7.83	4.46316
-7.84	4.46273
-7.85	4.4623
-7.86	4.46187
-7.87	4.46144
-7.88	4.46102
-7.89	4.46059
-7.9	4.46017
-7.91	4.45975
-7.92	4.45933
-7.93	4.45891
-7.94	4.45849
-7.95	4.45807
-7.96	4.45766
-7.97	4.45724
-7.98	4.45683
-7.99	4.45642
-8	4.456
-8.01	4.45559
-8.02	4.45518
-8.03	4.45478
-8.04	4.45437
-8.05	4.45396
-8.06	4.45356
-8.07	4.45315
-8.08	4.45275
-8.09	4.45235
-8.1	4.45195
-8.11	4.45155
-8.12	4.45115
-8.13	4.45075
-8.14	4.45035
-8.15	4.44996
-8.16	4.44956
-8.17	4.44917
-8.18	4.44878
-8.19	4.44838
-8.2	4.44799
-8.21	4.4476
-8.22	4.44722
-8.23	4.44683
-8.24	4.44644
-8.25	4.44606
-8.26	4.44567
-8.27	4.44529
-8.28	4.4449
-8.29	4.44452
-8.3	4.44414
-8.31	4.44376
-8.32	4.44338
-8.33	4.44301
-8.34	4.44263
-8.35	4.44225
-8.36	4.44188
-8.37	4.4415
-8.38	4.44113
-8.39	4.44076
-8.4	4.44039
-8.41	4.44002
-8.42	4.43965
-8.43	4.43928
-8.44	4.43891
-8.45	4.43855
-8.46	4.43818
-8.47	4.43782
-8.48	4.43745
-8.49	4.43709
-8.5	4.43673
-8.51	4.43637
-8.52	4.43601
-8.53	4.43565
-8.54	4.43529
-8.55	4.43493
-8.56	4.43458
-8.57	4.43422
-8.58	4.43387
-8.59	4.43351
-8.6	4.43316
-8.61	4.43281
-8.62	4.43246
-8.63	4.4321
-8.64	4.43176
-8.65	4.43141
-8.66	4.43106
-8.67	4.43071
-8.68	4.43037
-8.69	4.43002
-8.7	4.42968
-8.71	4.42933
-8.72	4.42899
-8.73	4.42865
-8.74	4.42831
-8.75	4.42797
-8.76	4.42763
-8.77	4.42729
-8.78	4.42695
-8.79	4.42661
-8.8	4.42628
-8.81	4.42594
-8.82	4.42561
-8.83	4.42527
-8.84	4.42494
-8.85	4.42461
-8.86	4.42428
-8.87	4.42395
-8.88	4.42362
-8.89	4.42329
-8.9	4.42296
-8.91	4.42263
-8.92	4.4223
-8.93	4.42198
-8.94	4.42165
-8.95	4.42133
-8.96	4.42101
-8.97	4.42068
-8.98	4.42036
-8.99	4.42004
-9	4.41972
-9.01	4.4194
-9.02	4.41908
-9.03	4.41876
-9.04	4.41844
-9.05	4.41813
-9.06	4.41781
-9.07	4.4175
-9.08	4.41718
-9.09	4.41687
-9.1	4.41655
-9.11	4.41624
-9.12	4.41593
-9.13	4.41562
-9.14	4.41531
-9.15	4.415
-9.16	4.41469
-9.17	4.41438
-9.18	4.41407
-9.19	4.41377
-9.2	4.41346
-9.21	4.41316
-9.22	4.41285
-9.23	4.41255
-9.24	4.41224
-9.25	4.41194
-9.26	4.41164
-9.27	4.41134
-9.28	4.41104
-9.29	4.41074
-9.3	4.41044
-9.31	4.41014
-9.32	4.40984
-9.33	4.40955
-9.34	4.40925
-9.35	4.40895
-9.36	4.40866
-9.37	4.40836
-9.38	4.40807
-9.39	4.40778
-9.4	4.40749
-9.41	4.40719
-9.42	4.4069
-9.43	4.40661
-9.44	4.40632
-9.45	4.40603
-9.46	4.40574
-9.47	4.40546
-9.48	4.40517
-9.49	4.40488
-9.5	4.4046
-9.51	4.40431
-9.52	4.40403
-9.53	4.40374
-9.54	4.40346
-9.55	4.40318
-9.56	4.40289
-9.57	4.40261
-9.58	4.40233
-9.59	4.40205
-9.6	4.40177
-9.61	4.40149
-9.62	4.40121
-9.63	4.40094
-9.64	4.40066
-9.65	4.40038
-9.66	4.40011
-9.67	4.39983
-9.68	4.39956
-9.69	4.39928
-9.7	4.39901
-9.71	4.39874
-9.72	4.39846
-9.73	4.39819
-9.74	4.39792
-9.75	4.39765
-9.76	4.39738
-9.77	4.39711
-9.78	4.39684
-9.79	4.39657
-9.8	4.3963
-9.81	4.39604
-9.82	4.39577
-9.83	4.3955
-9.84	4.39524
-9.85	4.39497
-9.86	4.39471
-9.87	4.39445
-9.88	4.39418
-9.89	4.39392
-9.9	4.39366
-9.91	4.3934
-9.92	4.39313
-9.93	4.39287
-9.94	4.39261
-9.95	4.39235
-9.96	4.3921
-9.97	4.39184
-9.98	4.39158
-9.99	4.39132
-10	4.39107
-10.01	4.39081
-10.02	4.39055
-10.03	4.3903
-10.04	4.39004
-10.05	4.38979
-10.06	4.38954
-10.07	4.38928
-10.08	4.38903
-10.09	4.38878
-10.1	4.38853
-10.11	4.38828
-10.12	4.38803
-10.13	4.38778
-10.14	4.38753
-10.15	4.38728
-10.16	4.38703
-10.17	4.38678
-10.18	4.38654
-10.19	4.38629
-10.2	4.38604
-10.21	4.3858
-10.22	4.38555
-10.23	4.38531
-10.24	4.38506
-10.25	4.38482
-10.26	4.38458
-10.27	4.38433
-10.28	4.38409
-10.29	4.38385
-10.3	4.38361
-10.31	4.38337
-10.32	4.38313
-10.33	4.38289
-10.34	4.38265
-10.35	4.38241
-10.36	4.38217
-10.37	4.38193
-10.38	4.3817
-10.39	4.38146
-10.4	4.38122
-10.41	4.38099
-10.42	4.38075
-10.43	4.38052
-10.44	4.38028
-10.45	4.38005
-10.46	4.37982
-10.47	4.37958
-10.48	4.37935
-10.49	4.37912
-10.5	4.37889
-10.51	4.37866
-10.52	4.37842
-10.53	4.37819
-10.54	4.37796
-10.55	4.37774
-10.56	4.37751
-10.57	4.37728
-10.58	4.37705
-10.59	4.37682
-10.6	4.3766
-10.61	4.37637
-10.62	4.37614
-10.63	4.37592
-10.64	4.37569
-10.65	4.37547
-10.66	4.37524
-10.67	4.37502
-10.68	4.37479
-10.69	4.37457
-10.7	4.37435
-10.71	4.37413
-10.72	4.3739
-10.73	4.37368
-10.74	4.37346
-10.75	4.37324
-10.76	4.37302
-10.77	4.3728
-10.78	4.37258
-10.79	4.37236
-10.8	4.37215
-10.81	4.37193
-10.82	4.37171
-10.83	4.37149
-10.84	4.37128
-10.85	4.37106
-10.86	4.37084
-10.87	4.37063
-10.88	4.37041
-10.89	4.3702
-10.9	4.36999
-10.91	4.36977
-10.92	4.36956
-10.93	4.36935
-10.94	4.36913
-10.95	4.36892
-10.96	4.36871
-10.97	4.3685
-10.98	4.36829
-10.99	4.36808
-11	4.36787
-11.01	4.36766
-11.02	4.36745
-11.03	4.36724
-11.04	4.36703
-11.05	4.36682
-11.06	4.36661
-11.07	4.36641
-11.08	4.3662
-11.09	4.36599
-11.1	4.36579
-11.11	4.36558
-11.12	4.36538
-11.13	4.36517
-11.14	4.36497
-11.15	4.36476
-11.16	4.36456
-11.17	4.36435
-11.18	4.36415
-11.19	4.36395
-11.2	4.36375
-11.21	4.36354
-11.22	4.36334
-11.23	4.36314
-11.24	4.36294
-11.25	4.36274
-11.26	4.36254
-11.27	4.36234
-11.28	4.36214
-11.29	4.36194
-11.3	4.36174
-11.31	4.36155
-11.32	4.36135
-11.33	4.36115
-11.34	4.36095
-11.35	4.36076
-11.36	4.36056
-11.37	4.36036
-11.38	4.36017
-11.39	4.35997
-11.4	4.35978
-11.41	4.35958
-11.42	4.35939
-11.43	4.35919
-11.44	4.359
-11.45	4.35881
-11.46	4.35861
-11.47	4.35842
-11.48	4.35823
-11.49	4.35804
-11.5	4.35785
-11.51	4.35766
-11.52	4.35746
-11.53	4.35727
-11.54	4.35708
-11.55	4.35689
-11.56	4.35671
-11.57	4.35652
-11.58	4.35633
-11.59	4.35614
-11.6	4.35595
-11.61	4.35576
-11.62	4.35558
-11.63	4.35539
-11.64	4.3552
-11.65	4.35502
-11.66	4.35483
-11.67	4.35464
-11.68	4.35446
-11.69	4.35427
-11.7	4.35409
-11.71	4.3539
-11.72	4.35372
-11.73	4.35354
-11.74	4.35335
-11.75	4.35317
-11.76	4.35299
-11.77	4.35281
-11.78	4.35262
-11.79	4.35244
-11.8	4.35226
-11.81	4.35208
-11.82	4.3519
-11.83	4.35172
-11.84	4.35154
-11.85	4.35136
-11.86	4.35118
-11.87	4.351
-11.88	4.35082
-11.89	4.35064
-11.9	4.35046
-11.91	4.35029
-11.92	4.35011
-11.93	4.34993
-11.94	4.34975
-11.95	4.34958
-11.96	4.3494
-11.97	4.34922
-11.98	4.34905
-11.99	4.34887
-12	4.3487
-12.01	4.34852
-12.02	4.34835
-12.03	4.34817
-12.04	4.348
-12.05	4.34783
-12.06	4.34765
-12.07	4.34748
-12.08	4.34731
-12.09	4.34713
-12.1	4.34696
-12.11	4.34679
-12.12	4.34662
-12.13	4.34645
-12.14	4.34628
-12.15	4.34611
-12.16	4.34594
-12.17	4.34577
-12.18	4.3456
-12.19	4.34543
-12.2	4.34526
-12.21	4.34509
-12.22	4.34492
-12.23	4.34475
-12.24	4.34458
-12.25	4.34441
-12.26	4.34425
-12.27	4.34408
-12.28	4.34391
-12.29	4.34375
-12.3	4.34358
-12.31	4.34341
-12.32	4.34325
-12.33	4.34308
-12.34	4.34292
-12.35	4.34275
-12.36	4.34259
-12.37	4.34242
-12.38	4.34226
-12.39	4.34209
-12.4	4.34193
-12.41	4.34177
-12.42	4.34161
-12.43	4.34144
-12.44	4.34128
-12.45	4.34112
-12.46	4.34096
-12.47	4.34079
-12.48	4.34063
-12.49	4.34047
-12.5	4.34031
-12.51	4.34015
-12.52	4.33999
-12.53	4.33983
-12.54	4.33967
-12.55	4.33951
-12.56	4.33935
-12.57	4.33919
-12.58	4.33903
-12.59	4.33887
-12.6	4.33872
-12.61	4.33856
-12.62	4.3384
-12.63	4.33824
-12.64	4.33809
-12.65	4.33793
-12.66	4.33777
-12.67	4.33762
-12.68	4.33746
-12.69	4.3373
-12.7	4.33715
-12.71	4.33699
-12.72	4.33684
-12.73	4.33668
-12.74	4.33653
-12.75	4.33637
-12.76	4.33622
-12.77	4.33607
-12.78	4.33591
-12.79	4.33576
-12.8	4.33561
-12.81	4.33545
-12.82	4.3353
-12.83	4.33515
-12.84	4.33499
-12.85	4.33484
-12.86	4.33469
-12.87	4.33454
-12.88	4.33439
-12.89	4.33424
-12.9	4.33409
-12.91	4.33394
-12.92	4.33379
-12.93	4.33364
-12.94	4.33349
-12.95	4.33334
-12.96	4.33319
-12.97	4.33304
-12.98	4.33289
-12.99	4.33274
-13	4.33259
-13.01	4.33245
-13.02	4.3323
-13.03	4.33215
-13.04	4.332
-13.05	4.33186
-13.06	4.33171
-13.07	4.33156
-13.08	4.33142
-13.09	4.33127
-13.1	4.33112
-13.11	4.33098
-13.12	4.33083
-13.13	4.33069
-13.14	4.33054
-13.15	4.3304
-13.16	4.33025
-13.17	4.33011
-13.18	4.32996
-13.19	4.32982
-13.2	4.32968
-13.21	4.32953
-13.22	4.32939
-13.23	4.32925
-13.24	4.3291
-13.25	4.32896
-13.26	4.32882
-13.27	4.32868
-13.28	4.32854
-13.29	4.32839
-13.3	4.32825
-13.31	4.32811
-13.32	4.32797
-13.33	4.32783
-13.34	4.32769
-13.35	4.32755
-13.36	4.32741
-13.37	4.32727
-13.38	4.32713
-13.39	4.32699
-13.4	4.32685
-13.41	4.32671
-13.42	4.32657
-13.43	4.32643
-13.44	4.3263
-13.45	4.32616
-13.46	4.32602
-13.47	4.32588
-13.48	4.32574
-13.49	4.32561
-13.5	4.32547
-13.51	4.32533
-13.52	4.3252
-13.53	4.32506
-13.54	4.32492
-13.55	4.32479
-13.56	4.32465
-13.57	4.32452
-13.58	4.32438
-13.59	4.32424
-13.6	4.32411
-13.61	4.32398
-13.62	4.32384
-13.63	4.32371
-13.64	4.32357
-13.65	4.32344
-13.66	4.3233
-13.67	4.32317
-13.68	4.32304
-13.69	4.3229
-13.7	4.32277
-13.71	4.32264
-13.72	4.32251
-13.73	4.32237
-13.74	4.32224
-13.75	4.32211
-13.76	4.32198
-13.77	4.32185
-13.78	4.32171
-13.79	4.32158
-13.8	4.32145
-13.81	4.32132
-13.82	4.32119
-13.83	4.32106
-13.84	4.32093
-13.85	4.3208
-13.86	4.32067
-13.87	4.32054
-13.88	4.32041
-13.89	4.32028
-13.9	4.32015
-13.91	4.32002
-13.92	4.3199
-13.93	4.31977
-13.94	4.31964
-13.95	4.31951
-13.96	4.31938
-13.97	4.31926
-13.98	4.31913
-13.99	4.319
-14	4.31887
-14.01	4.31875
-14.02	4.31862
-14.03	4.31849
-14.04	4.31837
-14.05	4.31824
-14.06	4.31811
-14.07	4.31799
-14.08	4.31786
-14.09	4.31774
-14.1	4.31761
-14.11	4.31749
-14.12	4.31736
-14.13	4.31724
-14.14	4.31711
-14.15	4.31699
-14.16	4.31686
-14.17	4.31674
-14.18	4.31662
-14.19	4.31649
-14.2	4.31637
-14.21	4.31625
-14.22	4.31612
-14.23	4.316
-14.24	4.31588
-14.25	4.31575
-14.26	4.31563
-14.27	4.31551
-14.28	4.31539
-14.29	4.31527
-14.3	4.31514
-14.31	4.31502
-14.32	4.3149
-14.33	4.31478
-14.34	4.31466
-14.35	4.31454
-14.36	4.31442
-14.37	4.3143
-14.38	4.31418
-14.39	4.31406
-14.4	4.31394
-14.41	4.31382
-14.42	4.3137
-14.43	4.31358
-14.44	4.31346
-14.45	4.31334
-14.46	4.31322
-14.47	4.3131
-14.48	4.31298
-14.49	4.31287
-14.5	4.31275
-14.51	4.31263
-14.52	4.31251
-14.53	4.31239
-14.54	4.31228
-14.55	4.31216
-14.56	4.31204
-14.57	4.31192
-14.58	4.31181
-14.59	4.31169
-14.6	4.31157
-14.61	4.31146
-14.62	4.31134
-14.63	4.31123
-14.64	4.31111
-14.65	4.31099
-14.66	4.31088
-14.67	4.31076
-14.68	4.31065
-14.69	4.31053
-14.7	4.31042
-14.71	4.3103
-14.72	4.31019
-14.73	4.31007
-14.74	4.30996
-14.75	4.30985
-14.76	4.30973
-14.77	4.30962
-14.78	4.3095
-14.79	4.30939
-14.8	4.30928
-14.81	4.30916
-14.82	4.30905
-14.83	4.30894
-14.84	4.30883
-14.85	4.30871
-14.86	4.3086
-14.87	4.30849
-14.88	4.30838
-14.89	4.30826
-14.9	4.30815
-14.91	4.30804
-14.92	4.30793
-14.93	4.30782
-14.94	4.30771
-14.95	4.3076
-14.96	4.30749
-14.97	4.30737
-14.98	4.30726
-14.99	4.30715
-15	4.30704
-15.01	4.30693
-15.02	4.30682
-15.03	4.30671
-15.04	4.3066
-15.05	4.3065
-15.06	4.30639
-15.07	4.30628
-15.08	4.30617
-15.09	4.30606
-15.1	4.30595
-15.11	4.30584
-15.12	4.30573
-15.13	4.30562
-15.14	4.30552
-15.15	4.30541
-15.16	4.3053
-15.17	4.30519
-15.18	4.30509
-15.19	4.30498
-15.2	4.30487
-15.21	4.30476
-15.22	4.30466
-15.23	4.30455
-15.24	4.30444
-15.25	4.30434
-15.26	4.30423
-15.27	4.30412
-15.28	4.30402
-15.29	4.30391
-15.3	4.30381
-15.31	4.3037
-15.32	4.3036
-15.33	4.30349
-15.34	4.30338
-15.35	4.30328
-15.36	4.30317
-15.37	4.30307
-15.38	4.30297
-15.39	4.30286
-15.4	4.30276
-15.41	4.30265
-15.42	4.30255
-15.43	4.30244
-15.44	4.30234
-15.45	4.30224
-15.46	4.30213
-15.47	4.30203
-15.48	4.30193
-15.49	4.30182
-15.5	4.30172
-15.51	4.30162
-15.52	4.30151
-15.53	4.30141
-15.54	4.30131
-15.55	4.30121
-15.56	4.30111
-15.57	4.301
-15.58	4.3009
-15.59	4.3008
-15.6	4.3007
-15.61	4.3006
-15.62	4.3005
-15.63	4.30039
-15.64	4.30029
-15.65	4.30019
-15.66	4.30009
-15.67	4.29999
-15.68	4.29989
-15.69	4.29979
-15.7	4.29969
-15.71	4.29959
-15.72	4.29949
-15.73	4.29939
-15.74	4.29929
-15.75	4.29919
-15.76	4.29909
-15.77	4.29899
-15.78	4.29889
-15.79	4.29879
-15.8	4.29869
-15.81	4.29859
-15.82	4.2985
-15.83	4.2984
-15.84	4.2983
-15.85	4.2982
-15.86	4.2981
-15.87	4.298
-15.88	4.29791
-15.89	4.29781
-15.9	4.29771
-15.91	4.29761
-15.92	4.29751
-15.93	4.29742
-15.94	4.29732
-15.95	4.29722
-15.96	4.29713
-15.97	4.29703
-15.98	4.29693
-15.99	4.29684
-16	4.29674
-16.01	4.29664
-16.02	4.29655
-16.03	4.29645
-16.04	4.29636
-16.05	4.29626
-16.06	4.29616
-16.07	4.29607
-16.08	4.29597
-16.09	4.29588
-16.1	4.29578
-16.11	4.29569
-16.12	4.29559
-16.13	4.2955
-16.14	4.2954
-16.15	4.29531
-16.16	4.29521
-16.17	4.29512
-16.18	4.29502
-16.19	4.29493
-16.2	4.29484
-16.21	4.29474
-16.22	4.29465
-16.23	4.29456
-16.24	4.29446
-16.25	4.29437
-16.26	4.29427
-16.27	4.29418
-16.28	4.29409
-16.29	4.294
-16.3	4.2939
-16.31	4.29381
-16.32	4.29372
-16.33	4.29362
-16.34	4.29353
-16.35	4.29344
-16.36	4.29335
-16.37	4.29326
-16.38	4.29316
-16.39	4.29307
-16.4	4.29298
-16.41	4.29289
-16.42	4.2928
-16.43	4.29271
-16.44	4.29262
-16.45	4.29252
-16.46	4.29243
-16.47	4.29234
-16.48	4.29225
-16.49	4.29216
-16.5	4.29207
-16.51	4.29198
-16.52	4.29189
-16.53	4.2918
-16.54	4.29171
-16.55	4.29162
-16.56	4.29153
-16.57	4.29144
-16.58	4.29135
-16.59	4.29126
-16.6	4.29117
-16.61	4.29108
-16.62	4.29099
-16.63	4.2909
-16.64	4.29081
-16.65	4.29073
-16.66	4.29064
-16.67	4.29055
-16.68	4.29046
-16.69	4.29037
-16.7	4.29028
-16.71	4.29019
-16.72	4.29011
-16.73	4.29002
-16.74	4.28993
-16.75	4.28984
-16.76	4.28976
-16.77	4.28967
-16.78	4.28958
-16.79	4.28949
-16.8	4.28941
-16.81	4.28932
-16.82	4.28923
-16.83	4.28914
-16.84	4.28906
-16.85	4.28897
-16.86	4.28889
-16.87	4.2888
-16.88	4.28871
-16.89	4.28863
-16.9	4.28854
-16.91	4.28845
-16.92	4.28837
-16.93	4.28828
-16.94	4.2882
-16.95	4.28811
-16.96	4.28802
-16.97	4.28794
-16.98	4.28785
-16.99	4.28777
-17	4.28768
-17.01	4.2876
-17.02	4.28751
-17.03	4.28743
-17.04	4.28734
-17.05	4.28726
-17.06	4.28718
-17.07	4.28709
-17.08	4.28701
-17.09	4.28692
-17.1	4.28684
-17.11	4.28675
-17.12	4.28667
-17.13	4.28659
-17.14	4.2865
-17.15	4.28642
-17.16	4.28634
-17.17	4.28625
-17.18	4.28617
-17.19	4.28609
-17.2	4.286
-17.21	4.28592
-17.22	4.28584
-17.23	4.28575
-17.24	4.28567
-17.25	4.28559
-17.26	4.28551
-17.27	4.28542
-17.28	4.28534
-17.29	4.28526
-17.3	4.28518
-17.31	4.28509
-17.32	4.28501
-17.33	4.28493
-17.34	4.28485
-17.35	4.28477
-17.36	4.28469
-17.37	4.28461
-17.38	4.28452
-17.39	4.28444
-17.4	4.28436
-17.41	4.28428
-17.42	4.2842
-17.43	4.28412
-17.44	4.28404
-17.45	4.28396
-17.46	4.28388
-17.47	4.2838
-17.48	4.28372
-17.49	4.28364
-17.5	4.28356
-17.51	4.28347
-17.52	4.28339
-17.53	4.28331
-17.54	4.28324
-17.55	4.28316
-17.56	4.28308
-17.57	4.283
-17.58	4.28292
-17.59	4.28284
-17.6	4.28276
-17.61	4.28268
-17.62	4.2826
-17.63	4.28252
-17.64	4.28244
-17.65	4.28236
-17.66	4.28228
-17.67	4.28221
-17.68	4.28213
-17.69	4.28205
-17.7	4.28197
-17.71	4.28189
-17.72	4.28181
-17.73	4.28174
-17.74	4.28166
-17.75	4.28158
-17.76	4.2815
-17.77	4.28142
-17.78	4.28135
-17.79	4.28127
-17.8	4.28119
-17.81	4.28111
-17.82	4.28104
-17.83	4.28096
-17.84	4.28088
-17.85	4.28081
-17.86	4.28073
-17.87	4.28065
-17.88	4.28058
-17.89	4.2805
-17.9	4.28042
-17.91	4.28035
-17.92	4.28027
-17.93	4.28019
-17.94	4.28012
-17.95	4.28004
-17.96	4.27996
-17.97	4.27989
-17.98	4.27981
-17.99	4.27974
-18	4.27966
-18.01	4.27959
-18.02	4.27951
-18.03	4.27944
-18.04	4.27936
-18.05	4.27928
-18.06	4.27921
-18.07	4.27913
-18.08	4.27906
-18.09	4.27898
-18.1	4.27891
-18.11	4.27884
-18.12	4.27876
-18.13	4.27869
-18.14	4.27861
-18.15	4.27854
-18.16	4.27846
-18.17	4.27839
-18.18	4.27831
-18.19	4.27824
-18.2	4.27817
-18.21	4.27809
-18.22	4.27802
-18.23	4.27794
-18.24	4.27787
-18.25	4.2778
-18.26	4.27772
-18.27	4.27765
-18.28	4.27758
-18.29	4.2775
-18.3	4.27743
-18.31	4.27736
-18.32	4.27729
-18.33	4.27721
-18.34	4.27714
-18.35	4.27707
-18.36	4.27699
-18.37	4.27692
-18.38	4.27685
-18.39	4.27678
-18.4	4.2767
-18.41	4.27663
-18.42	4.27656
-18.43	4.27649
-18.44	4.27642
-18.45	4.27634
-18.46	4.27627
-18.47	4.2762
-18.48	4.27613
-18.49	4.27606
-18.5	4.27598
-18.51	4.27591
-18.52	4.27584
-18.53	4.27577
-18.54	4.2757
-18.55	4.27563
-18.56	4.27556
-18.57	4.27549
-18.58	4.27542
-18.59	4.27534
-18.6	4.27527
-18.61	4.2752
-18.62	4.27513
-18.63	4.27506
-18.64	4.27499
-18.65	4.27492
-18.66	4.27485
-18.67	4.27478
-18.68	4.27471
-18.69	4.27464
-18.7	4.27457
-18.71	4.2745
-18.72	4.27443
-18.73	4.27436
-18.74	4.27429
-18.75	4.27422
-18.76	4.27415
-18.77	4.27408
-18.78	4.27401
-18.79	4.27394
-18.8	4.27388
-18.81	4.27381
-18.82	4.27374
-18.83	4.27367
-18.84	4.2736
-18.85	4.27353
-18.86	4.27346
-18.87	4.27339
-18.88	4.27332
-18.89	4.27326
-18.9	4.27319
-18.91	4.27312
-18.92	4.27305
-18.93	4.27298
-18.94	4.27291
-18.95	4.27285
-18.96	4.27278
-18.97	4.27271
-18.98	4.27264
-18.99	4.27257
-19	4.27251
-19.01	4.27244
-19.02	4.27237
-19.03	4.2723
-19.04	4.27224
-19.05	4.27217
-19.06	4.2721
-19.07	4.27203
-19.08	4.27197
-19.09	4.2719
-19.1	4.27183
-19.11	4.27177
-19.12	4.2717
-19.13	4.27163
-19.14	4.27157
-19.15	4.2715
-19.16	4.27143
-19.17	4.27137
-19.18	4.2713
-19.19	4.27123
-19.2	4.27117
-19.21	4.2711
-19.22	4.27104
-19.23	4.27097
-19.24	4.2709
-19.25	4.27084
-19.26	4.27077
-19.27	4.27071
-19.28	4.27064
-19.29	4.27057
-19.3	4.27051
-19.31	4.27044
-19.32	4.27038
-19.33	4.27031
-19.34	4.27025
-19.35	4.27018
-19.36	4.27012
-19.37	4.27005
-19.38	4.26999
-19.39	4.26992
-19.4	4.26986
-19.41	4.26979
-19.42	4.26973
-19.43	4.26966
-19.44	4.2696
-19.45	4.26953
-19.46	4.26947
-19.47	4.2694
-19.48	4.26934
-19.49	4.26928
-19.5	4.26921
-19.51	4.26915
-19.52	4.26908
-19.53	4.26902
-19.54	4.26896
-19.55	4.26889
-19.56	4.26883
-19.57	4.26876
-19.58	4.2687
-19.59	4.26864
-19.6	4.26857
-19.61	4.26851
-19.62	4.26845
-19.63	4.26838
-19.64	4.26832
-19.65	4.26826
-19.66	4.26819
-19.67	4.26813
-19.68	4.26807
-19.69	4.268
-19.7	4.26794
-19.71	4.26788
-19.72	4.26782
-19.73	4.26775
-19.74	4.26769
-19.75	4.26763
-19.76	4.26757
-19.77	4.2675
-19.78	4.26744
-19.79	4.26738
-19.8	4.26732
-19.81	4.26725
-19.82	4.26719
-19.83	4.26713
-19.84	4.26707
-19.85	4.26701
-19.86	4.26694
-19.87	4.26688
-19.88	4.26682
-19.89	4.26676
-19.9	4.2667
-19.91	4.26664
-19.92	4.26657
-19.93	4.26651
-19.94	4.26645
-19.95	4.26639
-19.96	4.26633
-19.97	4.26627
-19.98	4.26621
-19.99	4.26615
-20	4.26608
-20.01	4.26602
-20.02	4.26596
-20.03	4.2659
-20.04	4.26584
-20.05	4.26578
-20.06	4.26572
-20.07	4.26566
-20.08	4.2656
-20.09	4.26554
-20.1	4.26548
-20.11	4.26542
-20.12	4.26536
-20.13	4.2653
-20.14	4.26524
-20.15	4.26518
-20.16	4.26512
-20.17	4.26506
-20.18	4.265
-20.19	4.26494
-20.2	4.26488
-20.21	4.26482
-20.22	4.26476
-20.23	4.2647
-20.24	4.26464
-20.25	4.26458
-20.26	4.26452
-20.27	4.26446
-20.28	4.2644
-20.29	4.26434
-20.3	4.26428
-20.31	4.26423
-20.32	4.26417
-20.33	4.26411
-20.34	4.26405
-20.35	4.26399
-20.36	4.26393
-20.37	4.26387
-20.38	4.26381
-20.39	4.26376
-20.4	4.2637
-20.41	4.26364
-20.42	4.26358
-20.43	4.26352
-20.44	4.26346
-20.45	4.2634
-20.46	4.26335
-20.47	4.26329
-20.48	4.26323
-20.49	4.26317
-20.5	4.26311
-20.51	4.26306
-20.52	4.263
-20.53	4.26294
-20.54	4.26288
-20.55	4.26283
-20.56	4.26277
-20.57	4.26271
-20.58	4.26265
-20.59	4.2626
-20.6	4.26254
-20.61	4.26248
-20.62	4.26242
-20.63	4.26237
-20.64	4.26231
-20.65	4.26225
-20.66	4.2622
-20.67	4.26214
-20.68	4.26208
-20.69	4.26202
-20.7	4.26197
-20.71	4.26191
-20.72	4.26185
-20.73	4.2618
-20.74	4.26174
-20.75	4.26168
-20.76	4.26163
-20.77	4.26157
-20.78	4.26152
-20.79	4.26146
-20.8	4.2614
-20.81	4.26135
-20.82	4.26129
-20.83	4.26123
-20.84	4.26118
-20.85	4.26112
-20.86	4.26107
-20.87	4.26101
-20.88	4.26095
-20.89	4.2609
-20.9	4.26084
-20.91	4.26079
-20.92	4.26073
-20.93	4.26068
-20.94	4.26062
-20.95	4.26057
-20.96	4.26051
-20.97	4.26045
-20.98	4.2604
-20.99	4.26034
-21	4.26029
-21.01	4.26023
-21.02	4.26018
-21.03	4.26012
-21.04	4.26007
-21.05	4.26001
-21.06	4.25996
-21.07	4.2599
-21.08	4.25985
-21.09	4.2598
-21.1	4.25974
-21.11	4.25969
-21.12	4.25963
-21.13	4.25958
-21.14	4.25952
-21.15	4.25947
-21.16	4.25941
-21.17	4.25936
-21.18	4.25931
-21.19	4.25925
-21.2	4.2592
-21.21	4.25914
-21.22	4.25909
-21.23	4.25904
-21.24	4.25898
-21.25	4.25893
-21.26	4.25887
-21.27	4.25882
-21.28	4.25877
-21.29	4.25871
-21.3	4.25866
-21.31	4.25861
-21.32	4.25855
-21.33	4.2585
-21.34	4.25845
-21.35	4.25839
-21.36	4.25834
-21.37	4.25829
-21.38	4.25823
-21.39	4.25818
-21.4	4.25813
-21.41	4.25807
-21.42	4.25802
-21.43	4.25797
-21.44	4.25791
-21.45	4.25786
-21.46	4.25781
-21.47	4.25776
-21.48	4.2577
-21.49	4.25765
-21.5	4.2576
-21.51	4.25755
-21.52	4.25749
-21.53	4.25744
-21.54	4.25739
-21.55	4.25734
-21.56	4.25728
-21.57	4.25723
-21.58	4.25718
-21.59	4.25713
-21.6	4.25708
-21.61	4.25702
-21.62	4.25697
-21.63	4.25692
-21.64	4.25687
-21.65	4.25682
-21.66	4.25676
-21.67	4.25671
-21.68	4.25666
-21.69	4.25661
-21.7	4.25656
-21.71	4.25651
-21.72	4.25645
-21.73	4.2564
-21.74	4.25635
-21.75	4.2563
-21.76	4.25625
-21.77	4.2562
-21.78	4.25615
-21.79	4.2561
-21.8	4.25604
-21.81	4.25599
-21.82	4.25594
-21.83	4.25589
-21.84	4.25584
-21.85	4.25579
-21.86	4.25574
-21.87	4.25569
-21.88	4.25564
-21.89	4.25559
-21.9	4.25554
-21.91	4.25549
-21.92	4.25543
-21.93	4.25538
-21.94	4.25533
-21.95	4.25528
-21.96	4.25523
-21.97	4.25518
-21.98	4.25513
-21.99	4.25508
-22	4.25503
-22.01	4.25498
-22.02	4.25493
-22.03	4.25488
-22.04	4.25483
-22.05	4.25478
-22.06	4.25473
-22.07	4.25468
-22.08	4.25463
-22.09	4.25458
-22.1	4.25453
-22.11	4.25448
-22.12	4.25443
-22.13	4.25438
-22.14	4.25433
-22.15	4.25429
-22.16	4.25424
-22.17	4.25419
-22.18	4.25414
-22.19	4.25409
-22.2	4.25404
-22.21	4.25399
-22.22	4.25394
-22.23	4.25389
-22.24	4.25384
-22.25	4.25379
-22.26	4.25374
-22.27	4.2537
-22.28	4.25365
-22.29	4.2536
-22.3	4.25355
-22.31	4.2535
-22.32	4.25345
-22.33	4.2534
-22.34	4.25335
-22.35	4.25331
-22.36	4.25326
-22.37	4.25321
-22.38	4.25316
-22.39	4.25311
-22.4	4.25306
-22.41	4.25302
-22.42	4.25297
-22.43	4.25292
-22.44	4.25287
-22.45	4.25282
-22.46	4.25277
-22.47	4.25273
-22.48	4.25268
-22.49	4.25263
-22.5	4.25258
-22.51	4.25253
-22.52	4.25249
-22.53	4.25244
-22.54	4.25239
-22.55	4.25234
-22.56	4.2523
-22.57	4.25225
-22.58	4.2522
-22.59	4.25215
-22.6	4.25211
-22.61	4.25206
-22.62	4.25201
-22.63	4.25196
-22.64	4.25192
-22.65	4.25187
-22.66	4.25182
-22.67	4.25178
-22.68	4.25173
-22.69	4.25168
-22.7	4.25163
-22.71	4.25159
-22.72	4.25154
-22.73	4.25149
-22.74	4.25145
-22.75	4.2514
-22.76	4.25135
-22.77	4.25131
-22.78	4.25126
-22.79	4.25121
-22.8	4.25117
-22.81	4.25112
-22.82	4.25107
-22.83	4.25103
-22.84	4.25098
-22.85	4.25093
-22.86	4.25089
-22.87	4.25084
-22.88	4.25079
-22.89	4.25075
-22.9	4.2507
-22.91	4.25066
-22.92	4.25061
-22.93	4.25056
-22.94	4.25052
-22.95	4.25047
-22.96	4.25043
-22.97	4.25038
-22.98	4.25033
-22.99	4.25029
-23	4.25024
-23.01	4.2502
-23.02	4.25015
-23.03	4.25011
-23.04	4.25006
-23.05	4.25001
-23.06	4.24997
-23.07	4.24992
-23.08	4.24988
-23.09	4.24983
-23.1	4.24979
-23.11	4.24974
-23.12	4.2497
-23.13	4.24965
-23.14	4.24961
-23.15	4.24956
-23.16	4.24952
-23.17	4.24947
-23.18	4.24942
-23.19	4.24938
-23.2	4.24933
-23.21	4.24929
-23.22	4.24925
-23.23	4.2492
-23.24	4.24916
-23.25	4.24911
-23.26	4.24907
-23.27	4.24902
-23.28	4.24898
-23.29	4.24893
-23.3	4.24889
-23.31	4.24884
-23.32	4.2488
-23.33	4.24875
-23.34	4.24871
-23.35	4.24866
-23.36	4.24862
-23.37	4.24858
-23.38	4.24853
-23.39	4.24849
-23.4	4.24844
-23.41	4.2484
-23.42	4.24835
-23.43	4.24831
-23.44	4.24827
-23.45	4.24822
-23.46	4.24818
-23.47	4.24814
-23.48	4.24809
-23.49	4.24805
-23.5	4.248
-23.51	4.24796
-23.52	4.24792
-23.53	4.24787
-23.54	4.24783
-23.55	4.24779
-23.56	4.24774
-23.57	4.2477
-23.58	4.24765
-23.59	4.24761
-23.6	4.24757
-23.61	4.24752
-23.62	4.24748
-23.63	4.24744
-23.64	4.24739
-23.65	4.24735
-23.66	4.24731
-23.67	4.24726
-23.68	4.24722
-23.69	4.24718
-23.7	4.24714
-23.71	4.24709
-23.72	4.24705
-23.73	4.24701
-23.74	4.24696
-23.75	4.24692
-23.76	4.24688
-23.77	4.24683
-23.78	4.24679
-23.79	4.24675
-23.8	4.24671
-23.81	4.24666
-23.82	4.24662
-23.83	4.24658
-23.84	4.24654
-23.85	4.24649
-23.86	4.24645
-23.87	4.24641
-23.88	4.24637
-23.89	4.24632
-23.9	4.24628
-23.91	4.24624
-23.92	4.2462
-23.93	4.24615
-23.94	4.24611
-23.95	4.24607
-23.96	4.24603
-23.97	4.24599
-23.98	4.24594
-23.99	4.2459
-24	4.24586
-24.01	4.24582
-24.02	4.24578
-24.03	4.24573
-24.04	4.24569
-24.05	4.24565
-24.06	4.24561
-24.07	4.24557
-24.08	4.24553
-24.09	4.24548
-24.1	4.24544
-24.11	4.2454
-24.12	4.24536
-24.13	4.24532
-24.14	4.24528
-24.15	4.24523
-24.16	4.24519
-24.17	4.24515
-24.18	4.24511
-24.19	4.24507
-24.2	4.24503
-24.21	4.24499
-24.22	4.24495
-24.23	4.2449
-24.24	4.24486
-24.25	4.24482
-24.26	4.24478
-24.27	4.24474
-24.28	4.2447
-24.29	4.24466
-24.3	4.24462
-24.31	4.24458
-24.32	4.24453
-24.33	4.24449
-24.34	4.24445
-24.35	4.24441
-24.36	4.24437
-24.37	4.24433
-24.38	4.24429
-24.39	4.24425
-24.4	4.24421
-24.41	4.24417
-24.42	4.24413
-24.43	4.24409
-24.44	4.24405
-24.45	4.24401
-24.46	4.24397
-24.47	4.24393
-24.48	4.24389
-24.49	4.24385
-24.5	4.24381
-24.51	4.24377
-24.52	4.24373
-24.53	4.24368
-24.54	4.24364
-24.55	4.2436
-24.56	4.24356
-24.57	4.24352
-24.58	4.24348
-24.59	4.24344
-24.6	4.2434
-24.61	4.24336
-24.62	4.24333
-24.63	4.24329
-24.64	4.24325
-24.65	4.24321
-24.66	4.24317
-24.67	4.24313
-24.68	4.24309
-24.69	4.24305
-24.7	4.24301
-24.71	4.24297
-24.72	4.24293
-24.73	4.24289
-24.74	4.24285
-24.75	4.24281
-24.76	4.24277
-24.77	4.24273
-24.78	4.24269
-24.79	4.24265
-24.8	4.24261
-24.81	4.24257
-24.82	4.24254
-24.83	4.2425
-24.84	4.24246
-24.85	4.24242
-24.86	4.24238
-24.87	4.24234
-24.88	4.2423
-24.89	4.24226
-24.9	4.24222
-24.91	4.24218
-24.92	4.24214
-24.93	4.24211
-24.94	4.24207
-24.95	4.24203
-24.96	4.24199
-24.97	4.24195
-24.98	4.24191
-24.99	4.24187
-25	4.24184
-25.01	4.2418
-25.02	4.24176
-25.03	4.24172
-25.04	4.24168
-25.05	4.24164
-25.06	4.2416
-25.07	4.24157
-25.08	4.24153
-25.09	4.24149
-25.1	4.24145
-25.11	4.24141
-25.12	4.24137
-25.13	4.24134
-25.14	4.2413
-25.15	4.24126
-25.16	4.24122
-25.17	4.24118
-25.18	4.24115
-25.19	4.24111
-25.2	4.24107
-25.21	4.24103
-25.22	4.24099
-25.23	4.24096
-25.24	4.24092
-25.25	4.24088
-25.26	4.24084
-25.27	4.2408
-25.28	4.24077
-25.29	4.24073
-25.3	4.24069
-25.31	4.24065
-25.32	4.24062
-25.33	4.24058
-25.34	4.24054
-25.35	4.2405
-25.36	4.24047
-25.37	4.24043
-25.38	4.24039
-25.39	4.24035
-25.4	4.24032
-25.41	4.24028
-25.42	4.24024
-25.43	4.2402
-25.44	4.24017
-25.45	4.24013
-25.46	4.24009
-25.47	4.24005
-25.48	4.24002
-25.49	4.23998
-25.5	4.23994
-25.51	4.23991
-25.52	4.23987
-25.53	4.23983
-25.54	4.2398
-25.55	4.23976
-25.56	4.23972
-25.57	4.23968
-25.58	4.23965
-25.59	4.23961
-25.6	4.23957
-25.61	4.23954
-25.62	4.2395
-25.63	4.23946
-25.64	4.23943
-25.65	4.23939
-25.66	4.23935
-25.67	4.23932
-25.68	4.23928
-25.69	4.23924
-25.7	4.23921
-25.71	4.23917
-25.72	4.23913
-25.73	4.2391
-25.74	4.23906
-25.75	4.23903
-25.76	4.23899
-25.77	4.23895
-25.78	4.23892
-25.79	4.23888
-25.8	4.23884
-25.81	4.23881
-25.82	4.23877
-25.83	4.23874
-25.84	4.2387
-25.85	4.23866
-25.86	4.23863
-25.87	4.23859
-25.88	4.23855
-25.89	4.23852
-25.9	4.23848
-25.91	4.23845
-25.92	4.23841
-25.93	4.23838
-25.94	4.23834
-25.95	4.2383
-25.96	4.23827
-25.97	4.23823
-25.98	4.2382
-25.99	4.23816
-26	4.23813
-26.01	4.23809
-26.02	4.23805
-26.03	4.23802
-26.04	4.23798
-26.05	4.23795
-26.06	4.23791
-26.07	4.23788
-26.08	4.23784
-26.09	4.23781
-26.1	4.23777
-26.11	4.23774
-26.12	4.2377
-26.13	4.23766
-26.14	4.23763
-26.15	4.23759
-26.16	4.23756
-26.17	4.23752
-26.18	4.23749
-26.19	4.23745
-26.2	4.23742
-26.21	4.23738
-26.22	4.23735
-26.23	4.23731
-26.24	4.23728
-26.25	4.23724
-26.26	4.23721
-26.27	4.23717
-26.28	4.23714
-26.29	4.2371
-26.3	4.23707
-26.31	4.23703
-26.32	4.237
-26.33	4.23696
-26.34	4.23693
-26.35	4.2369
-26.36	4.23686
-26.37	4.23683
-26.38	4.23679
-26.39	4.23676
-26.4	4.23672
-26.41	4.23669
-26.42	4.23665
-26.43	4.23662
-26.44	4.23658
-26.45	4.23655
-26.46	4.23652
-26.47	4.23648
-26.48	4.23645
-26.49	4.23641
-26.5	4.23638
-26.51	4.23634
-26.52	4.23631
-26.53	4.23627
-26.54	4.23624
-26.55	4.23621
-26.56	4.23617
-26.57	4.23614
-26.58	4.2361
-26.59	4.23607
-26.6	4.23604
-26.61	4.236
-26.62	4.23597
-26.63	4.23593
-26.64	4.2359
-26.65	4.23587
-26.66	4.23583
-26.67	4.2358
-26.68	4.23576
-26.69	4.23573
-26.7	4.2357
-26.71	4.23566
-26.72	4.23563
-26.73	4.2356
-26.74	4.23556
-26.75	4.23553
-26.76	4.2355
-26.77	4.23546
-26.78	4.23543
-26.79	4.23539
-26.8	4.23536
-26.81	4.23533
-26.82	4.23529
-26.83	4.23526
-26.84	4.23523
-26.85	4.23519
-26.86	4.23516
-26.87	4.23513
-26.88	4.23509
-26.89	4.23506
-26.9	4.23503
-26.91	4.23499
-26.92	4.23496
-26.93	4.23493
-26.94	4.23489
-26.95	4.23486
-26.96	4.23483
-26.97	4.2348
-26.98	4.23476
-26.99	4.23473
-27	4.2347
-27.01	4.23466
-27.02	4.23463
-27.03	4.2346
-27.04	4.23456
-27.05	4.23453
-27.06	4.2345
-27.07	4.23447
-27.08	4.23443
-27.09	4.2344
-27.1	4.23437
-27.11	4.23433
-27.12	4.2343
-27.13	4.23427
-27.14	4.23424
-27.15	4.2342
-27.16	4.23417
-27.17	4.23414
-27.18	4.23411
-27.19	4.23407
-27.2	4.23404
-27.21	4.23401
-27.22	4.23398
-27.23	4.23394
-27.24	4.23391
-27.25	4.23388
-27.26	4.23385
-27.27	4.23381
-27.28	4.23378
-27.29	4.23375
-27.3	4.23372
-27.31	4.23368
-27.32	4.23365
-27.33	4.23362
-27.34	4.23359
-27.35	4.23356
-27.36	4.23352
-27.37	4.23349
-27.38	4.23346
-27.39	4.23343
-27.4	4.2334
-27.41	4.23336
-27.42	4.23333
-27.43	4.2333
-27.44	4.23327
-27.45	4.23324
-27.46	4.2332
-27.47	4.23317
-27.48	4.23314
-27.49	4.23311
-27.5	4.23308
-27.51	4.23304
-27.52	4.23301
-27.53	4.23298
-27.54	4.23295
-27.55	4.23292
-27.56	4.23289
-27.57	4.23285
-27.58	4.23282
-27.59	4.23279
-27.6	4.23276
-27.61	4.23273
-27.62	4.2327
-27.63	4.23267
-27.64	4.23263
-27.65	4.2326
-27.66	4.23257
-27.67	4.23254
-27.68	4.23251
-27.69	4.23248
-27.7	4.23245
-27.71	4.23241
-27.72	4.23238
-27.73	4.23235
-27.74	4.23232
-27.75	4.23229
-27.76	4.23226
-27.77	4.23223
-27.78	4.2322
-27.79	4.23216
-27.8	4.23213
-27.81	4.2321
-27.82	4.23207
-27.83	4.23204
-27.84	4.23201
-27.85	4.23198
-27.86	4.23195
-27.87	4.23192
-27.88	4.23188
-27.89	4.23185
-27.9	4.23182
-27.91	4.23179
-27.92	4.23176
-27.93	4.23173
-27.94	4.2317
-27.95	4.23167
-27.96	4.23164
-27.97	4.23161
-27.98	4.23158
-27.99	4.23155
-28	4.23152
-28.01	4.23148
-28.02	4.23145
-28.03	4.23142
-28.04	4.23139
-28.05	4.23136
-28.06	4.23133
-28.07	4.2313
-28.08	4.23127
-28.09	4.23124
-28.1	4.23121
-28.11	4.23118
-28.12	4.23115
-28.13	4.23112
-28.14	4.23109
-28.15	4.23106
-28.16	4.23103
-28.17	4.231
-28.18	4.23097
-28.19	4.23094
-28.2	4.23091
-28.21	4.23088
-28.22	4.23085
-28.23	4.23082
-28.24	4.23079
-28.25	4.23076
-28.26	4.23073
-28.27	4.2307
-28.28	4.23067
-28.29	4.23064
-28.3	4.23061
-28.31	4.23058
-28.32	4.23055
-28.33	4.23052
-28.34	4.23049
-28.35	4.23046
-28.36	4.23043
-28.37	4.2304
-28.38	4.23037
-28.39	4.23034
-28.4	4.23031
-28.41	4.23028
-28.42	4.23025
-28.43	4.23022
-28.44	4.23019
-28.45	4.23016
-28.46	4.23013
-28.47	4.2301
-28.48	4.23007
-28.49	4.23004
-28.5	4.23001
-28.51	4.22998
-28.52	4.22995
-28.53	4.22992
-28.54	4.22989
-28.55	4.22986
-28.56	4.22983
-28.57	4.2298
-28.58	4.22977
-28.59	4.22975
-28.6	4.22972
-28.61	4.22969
-28.62	4.22966
-28.63	4.22963
-28.64	4.2296
-28.65	4.22957
-28.66	4.22954
-28.67	4.22951
-28.68	4.22948
-28.69	4.22945
-28.7	4.22942
-28.71	4.22939
-28.72	4.22937
-28.73	4.22934
-28.74	4.22931
-28.75	4.22928
-28.76	4.22925
-28.77	4.22922
-28.78	4.22919
-28.79	4.22916
-28.8	4.22913
-28.81	4.2291
-28.82	4.22907
-28.83	4.22905
-28.84	4.22902
-28.85	4.22899
-28.86	4.22896
-28.87	4.22893
-28.88	4.2289
-28.89	4.22887
-28.9	4.22884
-28.91	4.22882
-28.92	4.22879
-28.93	4.22876
-28.94	4.22873
-28.95	4.2287
-28.96	4.22867
-28.97	4.22864
-28.98	4.22862
-28.99	4.22859
-29	4.22856
-29.01	4.22853
-29.02	4.2285
-29.03	4.22847
-29.04	4.22844
-29.05	4.22842
-29.06	4.22839
-29.07	4.22836
-29.08	4.22833
-29.09	4.2283
-29.1	4.22827
-29.11	4.22825
-29.12	4.22822
-29.13	4.22819
-29.14	4.22816
-29.15	4.22813
-29.16	4.2281
-29.17	4.22808
-29.18	4.22805
-29.19	4.22802
-29.2	4.22799
-29.21	4.22796
-29.22	4.22794
-29.23	4.22791
-29.24	4.22788
-29.25	4.22785
-29.26	4.22782
-29.27	4.2278
-29.28	4.22777
-29.29	4.22774
-29.3	4.22771
-29.31	4.22768
-29.32	4.22766
-29.33	4.22763
-29.34	4.2276
-29.35	4.22757
-29.36	4.22754
-29.37	4.22752
-29.38	4.22749
-29.39	4.22746
-29.4	4.22743
-29.41	4.22741
-29.42	4.22738
-29.43	4.22735
-29.44	4.22732
-29.45	4.22729
-29.46	4.22727
-29.47	4.22724
-29.48	4.22721
-29.49	4.22718
-29.5	4.22716
-29.51	4.22713
-29.52	4.2271
-29.53	4.22707
-29.54	4.22705
-29.55	4.22702
-29.56	4.22699
-29.57	4.22696
-29.58	4.22694
-29.59	4.22691
-29.6	4.22688
-29.61	4.22685
-29.62	4.22683
-29.63	4.2268
-29.64	4.22677
-29.65	4.22674
-29.66	4.22672
-29.67	4.22669
-29.68	4.22666
-29.69	4.22664
-29.7	4.22661
-29.71	4.22658
-29.72	4.22655
-29.73	4.22653
-29.74	4.2265
-29.75	4.22647
-29.76	4.22645
-29.77	4.22642
-29.78	4.22639
-29.79	4.22636
-29.8	4.22634
-29.81	4.22631
-29.82	4.22628
-29.83	4.22626
-29.84	4.22623
-29.85	4.2262
-29.86	4.22618
-29.87	4.22615
-29.88	4.22612
-29.89	4.2261
-29.9	4.22607
-29.91	4.22604
-29.92	4.22602
-29.93	4.22599
-29.94	4.22596
-29.95	4.22593
-29.96	4.22591
-29.97	4.22588
-29.98	4.22585
-29.99	4.22583
-30	4.2258