x	y
30	0.844622
29.99	0.844624
29.98	0.844626
29.97	0.844627
29.96	0.844629
29.95	0.844631
29.94	0.844633
29.93	0.844635
29.92	0.844637
29.91	0.844639
29.9	0.844641
29.89	0.844643
29.88	0.844645
29.87	0.844647
29.86	0.844649
29.85	0.84465
29.84	0.844652
29.83	0.844654
29.82	0.844656
29.81	0.844658
29.8	0.84466
29.79	0.844662
29.78	0.844664
29.77	0.844666
29.76	0.844668
29.75	0.84467
29.74	0.844672
29.73	0.844674
29.72	0.844676
29.71	0.844677
29.7	0.844679
29.69	0.844681
29.68	0.844683
29.67	0.844685
29.66	0.844687
29.65	0.844689
29.64	0.844691
29.63	0.844693
29.62	0.844695
29.61	0.844697
29.6	0.844699
29.59	0.844701
29.58	0.844703
29.57	0.844705
29.56	0.844707
29.55	0.844709
29.54	0.844711
29.53	0.844713
29.52	0.844715
29.51	0.844716
29.5	0.844718
29.49	0.84472
29.48	0.844722
29.47	0.844724
29.46	0.844726
29.45	0.844728
29.44	0.84473
29.43	0.844732
29.42	0.844734
29.41	0.844736
29.4	0.844738
29.39	0.84474
29.38	0.844742
29.37	0.844744
29.36	0.844746
29.35	0.844748
29.34	0.84475
29.33	0.844752
29.32	0.844754
29.31	0.844756
29.3	0.844758
29.29	0.84476
29.28	0.844762
29.27	0.844764
29.26	0.844766
29.25	0.844768
29.24	0.84477
29.23	0.844772
29.22	0.844774
29.21	0.844776
29.2	0.844778
29.19	0.84478
29.18	0.844782
29.17	0.844784
29.16	0.844786
29.15	0.844788
29.14	0.84479
29.13	0.844792
29.12	0.844794
29.11	0.844796
29.1	0.844798
29.09	0.8448
29.08	0.844802
29.07	0.844804
29.06	0.844806
29.05	0.844808
29.04	0.84481
29.03	0.844812
29.02	0.844814
29.01	0.844816
29	0.844818
28.99	0.84482
28.98	0.844823
28.97	0.844825
28.96	0.844827
28.95	0.844829
28.94	0.844831
28.93	0.844833
28.92	0.844835
28.91	0.844837
28.9	0.844839
28.89	0.844841
28.88	0.844843
28.87	0.844845
28.86	0.844847
28.85	0.844849
28.84	0.844851
28.83	0.844853
28.82	0.844855
28.81	0.844857
28.8	0.844859
28.79	0.844862
28.78	0.844864
28.77	0.844866
28.76	0.844868
28.75	0.84487
28.74	0.844872
28.73	0.844874
28.72	0.844876
28.71	0.844878
28.7	0.84488
28.69	0.844882
28.68	0.844884
28.67	0.844886
28.66	0.844889
28.65	0.844891
28.64	0.844893
28.63	0.844895
28.62	0.844897
28.61	0.844899
28.6	0.844901
28.59	0.844903
28.58	0.844905
28.57	0.844907
28.56	0.844909
28.55	0.844912
28.54	0.844914
28.53	0.844916
28.52	0.844918
28.51	0.84492
28.5	0.844922
28.49	0.844924
28.48	0.844926
28.47	0.844928
28.46	0.84493
28.45	0.844933
28.44	0.844935
28.43	0.844937
28.42	0.844939
28.41	0.844941
28.4	0.844943
28.39	0.844945
28.38	0.844947
28.37	0.84495
28.36	0.844952
28.35	0.844954
28.34	0.844956
28.33	0.844958
28.32	0.84496
28.31	0.844962
28.3	0.844964
28.29	0.844967
28.28	0.844969
28.27	0.844971
28.26	0.844973
28.25	0.844975
28.24	0.844977
28.23	0.844979
28.22	0.844982
28.21	0.844984
28.2	0.844986
28.19	0.844988
28.18	0.84499
28.17	0.844992
28.16	0.844995
28.15	0.844997
28.14	0.844999
28.13	0.845001
28.12	0.845003
28.11	0.845005
28.1	0.845008
28.09	0.84501
28.08	0.845012
28.07	0.845014
28.06	0.845016
28.05	0.845018
28.04	0.845021
28.03	0.845023
28.02	0.845025
28.01	0.845027
28	0.845029
27.99	0.845031
27.98	0.845034
27.97	0.845036
27.96	0.845038
27.95	0.84504
27.94	0.845042
27.93	0.845045
27.92	0.845047
27.91	0.845049
27.9	0.845051
27.89	0.845053
27.88	0.845056
27.87	0.845058
27.86	0.84506
27.85	0.845062
27.84	0.845064
27.83	0.845067
27.82	0.845069
27.81	0.845071
27.8	0.845073
27.79	0.845075
27.78	0.845078
27.77	0.84508
27.76	0.845082
27.75	0.845084
27.74	0.845087
27.73	0.845089
27.72	0.845091
27.71	0.845093
27.7	0.845096
27.69	0.845098
27.68	0.8451
27.67	0.845102
27.66	0.845104
27.65	0.845107
27.64	0.845109
27.63	0.845111
27.62	0.845113
27.61	0.845116
27.6	0.845118
27.59	0.84512
27.58	0.845122
27.57	0.845125
27.56	0.845127
27.55	0.845129
27.54	0.845131
27.53	0.845134
27.52	0.845136
27.51	0.845138
27.5	0.84514
27.49	0.845143
27.48	0.845145
27.47	0.845147
27.46	0.84515
27.45	0.845152
27.44	0.845154
27.43	0.845156
27.42	0.845159
27.41	0.845161
27.4	0.845163
27.39	0.845165
27.38	0.845168
27.37	0.84517
27.36	0.845172
27.35	0.845175
27.34	0.845177
27.33	0.845179
27.32	0.845182
27.31	0.845184
27.3	0.845186
27.29	0.845188
27.28	0.845191
27.27	0.845193
27.26	0.845195
27.25	0.845198
27.24	0.8452
27.23	0.845202
27.22	0.845205
27.21	0.845207
27.2	0.845209
27.19	0.845212
27.18	0.845214
27.17	0.845216
27.16	0.845218
27.15	0.845221
27.14	0.845223
27.13	0.845225
27.12	0.845228
27.11	0.84523
27.1	0.845232
27.09	0.845235
27.08	0.845237
27.07	0.845239
27.06	0.845242
27.05	0.845244
27.04	0.845246
27.03	0.845249
27.02	0.845251
27.01	0.845253
27	0.845256
26.99	0.845258
26.98	0.845261
26.97	0.845263
26.96	0.845265
26.95	0.845268
26.94	0.84527
26.93	0.845272
26.92	0.845275
26.91	0.845277
26.9	0.845279
26.89	0.845282
26.88	0.845284
26.87	0.845286
26.86	0.845289
26.85	0.845291
26.84	0.845294
26.83	0.845296
26.82	0.845298
26.81	0.845301
26.8	0.845303
26.79	0.845306
26.78	0.845308
26.77	0.84531
26.76	0.845313
26.75	0.845315
26.74	0.845317
26.73	0.84532
26.72	0.845322
26.71	0.845325
26.7	0.845327
26.69	0.84533
26.68	0.845332
26.67	0.845334
26.66	0.845337
26.65	0.845339
26.64	0.845342
26.63	0.845344
26.62	0.845346
26.61	0.845349
26.6	0.845351
26.59	0.845354
26.58	0.845356
26.57	0.845358
26.56	0.845361
26.55	0.845363
26.54	0.845366
26.53	0.845368
26.52	0.845371
26.51	0.845373
26.5	0.845376
26.49	0.845378
26.48	0.84538
26.47	0.845383
26.46	0.845385
26.45	0.845388
26.44	0.84539
26.43	0.845393
26.42	0.845395
26.41	0.845398
26.4	0.8454
26.39	0.845402
26.38	0.845405
26.37	0.845407
26.36	0.84541
26.35	0.845412
26.34	0.845415
26.33	0.845417
26.32	0.84542
26.31	0.845422
26.3	0.845425
26.29	0.845427
26.28	0.84543
26.27	0.845432
26.26	0.845435
26.25	0.845437
26.24	0.84544
26.23	0.845442
26.22	0.845445
26.21	0.845447
26.2	0.84545
26.19	0.845452
26.18	0.845455
26.17	0.845457
26.16	0.84546
26.15	0.845462
26.14	0.845465
26.13	0.845467
26.12	0.84547
26.11	0.845472
26.1	0.845475
26.09	0.845477
26.08	0.84548
26.07	0.845482
26.06	0.845485
26.05	0.845487
26.04	0.84549
26.03	0.845492
26.02	0.845495
26.01	0.845497
26	0.8455
25.99	0.845502
25.98	0.845505
25.97	0.845508
25.96	0.84551
25.95	0.845513
25.94	0.845515
25.93	0.845518
25.92	0.84552
25.91	0.845523
25.9	0.845525
25.89	0.845528
25.88	0.84553
25.87	0.845533
25.86	0.845536
25.85	0.845538
25.84	0.845541
25.83	0.845543
25.82	0.845546
25.81	0.845548
25.8	0.845551
25.79	0.845554
25.78	0.845556
25.77	0.845559
25.76	0.845561
25.75	0.845564
25.74	0.845566
25.73	0.845569
25.72	0.845572
25.71	0.845574
25.7	0.845577
25.69	0.845579
25.68	0.845582
25.67	0.845585
25.66	0.845587
25.65	0.84559
25.64	0.845592
25.63	0.845595
25.62	0.845598
25.61	0.8456
25.6	0.845603
25.59	0.845605
25.58	0.845608
25.57	0.845611
25.56	0.845613
25.55	0.845616
25.54	0.845619
25.53	0.845621
25.52	0.845624
25.51	0.845626
25.5	0.845629
25.49	0.845632
25.48	0.845634
25.47	0.845637
25.46	0.84564
25.45	0.845642
25.44	0.845645
25.43	0.845648
25.42	0.84565
25.41	0.845653
25.4	0.845656
25.39	0.845658
25.38	0.845661
25.37	0.845664
25.36	0.845666
25.35	0.845669
25.34	0.845672
25.33	0.845674
25.32	0.845677
25.31	0.84568
25.3	0.845682
25.29	0.845685
25.28	0.845688
25.27	0.84569
25.26	0.845693
25.25	0.845696
25.24	0.845698
25.23	0.845701
25.22	0.845704
25.21	0.845706
25.2	0.845709
25.19	0.845712
25.18	0.845715
25.17	0.845717
25.16	0.84572
25.15	0.845723
25.14	0.845725
25.13	0.845728
25.12	0.845731
25.11	0.845734
25.1	0.845736
25.09	0.845739
25.08	0.845742
25.07	0.845744
25.06	0.845747
25.05	0.84575
25.04	0.845753
25.03	0.845755
25.02	0.845758
25.01	0.845761
25	0.845764
24.99	0.845766
24.98	0.845769
24.97	0.845772
24.96	0.845775
24.95	0.845777
24.94	0.84578
24.93	0.845783
24.92	0.845786
24.91	0.845788
24.9	0.845791
24.89	0.845794
24.88	0.845797
24.87	0.845799
24.86	0.845802
24.85	0.845805
24.84	0.845808
24.83	0.845811
24.82	0.845813
24.81	0.845816
24.8	0.845819
24.79	0.845822
24.78	0.845824
24.77	0.845827
24.76	0.84583
24.75	0.845833
24.74	0.845836
24.73	0.845838
24.72	0.845841
24.71	0.845844
24.7	0.845847
24.69	0.84585
24.68	0.845853
24.67	0.845855
24.66	0.845858
24.65	0.845861
24.64	0.845864
24.63	0.845867
24.62	0.845869
24.61	0.845872
24.6	0.845875
24.59	0.845878
24.58	0.845881
24.57	0.845884
24.56	0.845886
24.55	0.845889
24.54	0.845892
24.53	0.845895
24.52	0.845898
24.51	0.845901
24.5	0.845904
24.49	0.845906
24.48	0.845909
24.47	0.845912
24.46	0.845915
24.45	0.845918
24.44	0.845921
24.43	0.845924
24.42	0.845927
24.41	0.845929
24.4	0.845932
24.39	0.845935
24.38	0.845938
24.37	0.845941
24.36	0.845944
24.35	0.845947
24.34	0.84595
24.33	0.845953
24.32	0.845955
24.31	0.845958
24.3	0.845961
24.29	0.845964
24.28	0.845967
24.27	0.84597
24.26	0.845973
24.25	0.845976
24.24	0.845979
24.23	0.845982
24.22	0.845985
24.21	0.845987
24.2	0.84599
24.19	0.845993
24.18	0.845996
24.17	0.845999
24.16	0.846002
24.15	0.846005
24.14	0.846008
24.13	0.846011
24.12	0.846014
24.11	0.846017
24.1	0.84602
24.09	0.846023
24.08	0.846026
24.07	0.846029
24.06	0.846032
24.05	0.846035
24.04	0.846038
24.03	0.846041
24.02	0.846044
24.01	0.846047
24	0.846049
23.99	0.846052
23.98	0.846055
23.97	0.846058
23.96	0.846061
23.95	0.846064
23.94	0.846067
23.93	0.84607
23.92	0.846073
23.91	0.846076
23.9	0.846079
23.89	0.846082
23.88	0.846085
23.87	0.846088
23.86	0.846091
23.85	0.846094
23.84	0.846097
23.83	0.8461
23.82	0.846103
23.81	0.846107
23.8	0.84611
23.79	0.846113
23.78	0.846116
23.77	0.846119
23.76	0.846122
23.75	0.846125
23.74	0.846128
23.73	0.846131
23.72	0.846134
23.71	0.846137
23.7	0.84614
23.69	0.846143
23.68	0.846146
23.67	0.846149
23.66	0.846152
23.65	0.846155
23.64	0.846158
23.63	0.846161
23.62	0.846164
23.61	0.846168
23.6	0.846171
23.59	0.846174
23.58	0.846177
23.57	0.84618
23.56	0.846183
23.55	0.846186
23.54	0.846189
23.53	0.846192
23.52	0.846195
23.51	0.846198
23.5	0.846202
23.49	0.846205
23.48	0.846208
23.47	0.846211
23.46	0.846214
23.45	0.846217
23.44	0.84622
23.43	0.846223
23.42	0.846227
23.41	0.84623
23.4	0.846233
23.39	0.846236
23.38	0.846239
23.37	0.846242
23.36	0.846245
23.35	0.846249
23.34	0.846252
23.33	0.846255
23.32	0.846258
23.31	0.846261
23.3	0.846264
23.29	0.846267
23.28	0.846271
23.27	0.846274
23.26	0.846277
23.25	0.84628
23.24	0.846283
23.23	0.846286
23.22	0.84629
23.21	0.846293
23.2	0.846296
23.19	0.846299
23.18	0.846302
23.17	0.846306
23.16	0.846309
23.15	0.846312
23.14	0.846315
23.13	0.846318
23.12	0.846322
23.11	0.846325
23.1	0.846328
23.09	0.846331
23.08	0.846335
23.07	0.846338
23.06	0.846341
23.05	0.846344
23.04	0.846347
23.03	0.846351
23.02	0.846354
23.01	0.846357
23	0.84636
22.99	0.846364
22.98	0.846367
22.97	0.84637
22.96	0.846373
22.95	0.846377
22.94	0.84638
22.93	0.846383
22.92	0.846386
22.91	0.84639
22.9	0.846393
22.89	0.846396
22.88	0.8464
22.87	0.846403
22.86	0.846406
22.85	0.846409
22.84	0.846413
22.83	0.846416
22.82	0.846419
22.81	0.846423
22.8	0.846426
22.79	0.846429
22.78	0.846432
22.77	0.846436
22.76	0.846439
22.75	0.846442
22.74	0.846446
22.73	0.846449
22.72	0.846452
22.71	0.846456
22.7	0.846459
22.69	0.846462
22.68	0.846466
22.67	0.846469
22.66	0.846472
22.65	0.846476
22.64	0.846479
22.63	0.846482
22.62	0.846486
22.61	0.846489
22.6	0.846493
22.59	0.846496
22.58	0.846499
22.57	0.846503
22.56	0.846506
22.55	0.846509
22.54	0.846513
22.53	0.846516
22.52	0.84652
22.51	0.846523
22.5	0.846526
22.49	0.84653
22.48	0.846533
22.47	0.846536
22.46	0.84654
22.45	0.846543
22.44	0.846547
22.43	0.84655
22.42	0.846554
22.41	0.846557
22.4	0.84656
22.39	0.846564
22.38	0.846567
22.37	0.846571
22.36	0.846574
22.35	0.846578
22.34	0.846581
22.33	0.846584
22.32	0.846588
22.31	0.846591
22.3	0.846595
22.29	0.846598
22.28	0.846602
22.27	0.846605
22.26	0.846609
22.25	0.846612
22.24	0.846616
22.23	0.846619
22.22	0.846622
22.21	0.846626
22.2	0.846629
22.19	0.846633
22.18	0.846636
22.17	0.84664
22.16	0.846643
22.15	0.846647
22.14	0.84665
22.13	0.846654
22.12	0.846657
22.11	0.846661
22.1	0.846664
22.09	0.846668
22.08	0.846672
22.07	0.846675
22.06	0.846679
22.05	0.846682
22.04	0.846686
22.03	0.846689
22.02	0.846693
22.01	0.846696
22	0.8467
21.99	0.846703
21.98	0.846707
21.97	0.84671
21.96	0.846714
21.95	0.846718
21.94	0.846721
21.93	0.846725
21.92	0.846728
21.91	0.846732
21.9	0.846735
21.89	0.846739
21.88	0.846743
21.87	0.846746
21.86	0.84675
21.85	0.846753
21.84	0.846757
21.83	0.846761
21.82	0.846764
21.81	0.846768
21.8	0.846771
21.79	0.846775
21.78	0.846779
21.77	0.846782
21.76	0.846786
21.75	0.84679
21.74	0.846793
21.73	0.846797
21.72	0.8468
21.71	0.846804
21.7	0.846808
21.69	0.846811
21.68	0.846815
21.67	0.846819
21.66	0.846822
21.65	0.846826
21.64	0.84683
21.63	0.846833
21.62	0.846837
21.61	0.846841
21.6	0.846844
21.59	0.846848
21.58	0.846852
21.57	0.846856
21.56	0.846859
21.55	0.846863
21.54	0.846867
21.53	0.84687
21.52	0.846874
21.51	0.846878
21.5	0.846881
21.49	0.846885
21.48	0.846889
21.47	0.846893
21.46	0.846896
21.45	0.8469
21.44	0.846904
21.43	0.846908
21.42	0.846911
21.41	0.846915
21.4	0.846919
21.39	0.846923
21.38	0.846926
21.37	0.84693
21.36	0.846934
21.35	0.846938
21.34	0.846941
21.33	0.846945
21.32	0.846949
21.31	0.846953
21.3	0.846956
21.29	0.84696
21.28	0.846964
21.27	0.846968
21.26	0.846972
21.25	0.846976
21.24	0.846979
21.23	0.846983
21.22	0.846987
21.21	0.846991
21.2	0.846995
21.19	0.846998
21.18	0.847002
21.17	0.847006
21.16	0.84701
21.15	0.847014
21.14	0.847018
21.13	0.847021
21.12	0.847025
21.11	0.847029
21.1	0.847033
21.09	0.847037
21.08	0.847041
21.07	0.847045
21.06	0.847048
21.05	0.847052
21.04	0.847056
21.03	0.84706
21.02	0.847064
21.01	0.847068
21	0.847072
20.99	0.847076
20.98	0.84708
20.97	0.847084
20.96	0.847087
20.95	0.847091
20.94	0.847095
20.93	0.847099
20.92	0.847103
20.91	0.847107
20.9	0.847111
20.89	0.847115
20.88	0.847119
20.87	0.847123
20.86	0.847127
20.85	0.847131
20.84	0.847135
20.83	0.847139
20.82	0.847143
20.81	0.847147
20.8	0.847151
20.79	0.847154
20.78	0.847158
20.77	0.847162
20.76	0.847166
20.75	0.84717
20.74	0.847174
20.73	0.847178
20.72	0.847182
20.71	0.847186
20.7	0.84719
20.69	0.847194
20.68	0.847198
20.67	0.847203
20.66	0.847207
20.65	0.847211
20.64	0.847215
20.63	0.847219
20.62	0.847223
20.61	0.847227
20.6	0.847231
20.59	0.847235
20.58	0.847239
20.57	0.847243
20.56	0.847247
20.55	0.847251
20.54	0.847255
20.53	0.847259
20.52	0.847263
20.51	0.847267
20.5	0.847272
20.49	0.847276
20.48	0.84728
20.47	0.847284
20.46	0.847288
20.45	0.847292
20.44	0.847296
20.43	0.8473
20.42	0.847304
20.41	0.847309
20.4	0.847313
20.39	0.847317
20.38	0.847321
20.37	0.847325
20.36	0.847329
20.35	0.847333
20.34	0.847338
20.33	0.847342
20.32	0.847346
20.31	0.84735
20.3	0.847354
20.29	0.847358
20.28	0.847363
20.27	0.847367
20.26	0.847371
20.25	0.847375
20.24	0.847379
20.23	0.847384
20.22	0.847388
20.21	0.847392
20.2	0.847396
20.19	0.8474
20.18	0.847405
20.17	0.847409
20.16	0.847413
20.15	0.847417
20.14	0.847422
20.13	0.847426
20.12	0.84743
20.11	0.847434
20.1	0.847439
20.09	0.847443
20.08	0.847447
20.07	0.847451
20.06	0.847456
20.05	0.84746
20.04	0.847464
20.03	0.847468
20.02	0.847473
20.01	0.847477
20	0.847481
19.99	0.847486
19.98	0.84749
19.97	0.847494
19.96	0.847499
19.95	0.847503
19.94	0.847507
19.93	0.847512
19.92	0.847516
19.91	0.84752
19.9	0.847525
19.89	0.847529
19.88	0.847533
19.87	0.847538
19.86	0.847542
19.85	0.847546
19.84	0.847551
19.83	0.847555
19.82	0.84756
19.81	0.847564
19.8	0.847568
19.79	0.847573
19.78	0.847577
19.77	0.847581
19.76	0.847586
19.75	0.84759
19.74	0.847595
19.73	0.847599
19.72	0.847603
19.71	0.847608
19.7	0.847612
19.69	0.847617
19.68	0.847621
19.67	0.847626
19.66	0.84763
19.65	0.847635
19.64	0.847639
19.63	0.847644
19.62	0.847648
19.61	0.847652
19.6	0.847657
19.59	0.847661
19.58	0.847666
19.57	0.84767
19.56	0.847675
19.55	0.847679
19.54	0.847684
19.53	0.847688
19.52	0.847693
19.51	0.847697
19.5	0.847702
19.49	0.847707
19.48	0.847711
19.47	0.847716
19.46	0.84772
19.45	0.847725
19.44	0.847729
19.43	0.847734
19.42	0.847738
19.41	0.847743
19.4	0.847748
19.39	0.847752
19.38	0.847757
19.37	0.847761
19.36	0.847766
19.35	0.84777
19.34	0.847775
19.33	0.84778
19.32	0.847784
19.31	0.847789
19.3	0.847794
19.29	0.847798
19.28	0.847803
19.27	0.847807
19.26	0.847812
19.25	0.847817
19.24	0.847821
19.23	0.847826
19.22	0.847831
19.21	0.847835
19.2	0.84784
19.19	0.847845
19.18	0.847849
19.17	0.847854
19.16	0.847859
19.15	0.847863
19.14	0.847868
19.13	0.847873
19.12	0.847878
19.11	0.847882
19.1	0.847887
19.09	0.847892
19.08	0.847896
19.07	0.847901
19.06	0.847906
19.05	0.847911
19.04	0.847915
19.03	0.84792
19.02	0.847925
19.01	0.84793
19	0.847934
18.99	0.847939
18.98	0.847944
18.97	0.847949
18.96	0.847953
18.95	0.847958
18.94	0.847963
18.93	0.847968
18.92	0.847973
18.91	0.847978
18.9	0.847982
18.89	0.847987
18.88	0.847992
18.87	0.847997
18.86	0.848002
18.85	0.848007
18.84	0.848011
18.83	0.848016
18.82	0.848021
18.81	0.848026
18.8	0.848031
18.79	0.848036
18.78	0.848041
18.77	0.848045
18.76	0.84805
18.75	0.848055
18.74	0.84806
18.73	0.848065
18.72	0.84807
18.71	0.848075
18.7	0.84808
18.69	0.848085
18.68	0.84809
18.67	0.848095
18.66	0.8481
18.65	0.848105
18.64	0.848109
18.63	0.848114
18.62	0.848119
18.61	0.848124
18.6	0.848129
18.59	0.848134
18.58	0.848139
18.57	0.848144
18.56	0.848149
18.55	0.848154
18.54	0.848159
18.53	0.848164
18.52	0.848169
18.51	0.848174
18.5	0.848179
18.49	0.848185
18.48	0.84819
18.47	0.848195
18.46	0.8482
18.45	0.848205
18.44	0.84821
18.43	0.848215
18.42	0.84822
18.41	0.848225
18.4	0.84823
18.39	0.848235
18.38	0.84824
18.37	0.848245
18.36	0.848251
18.35	0.848256
18.34	0.848261
18.33	0.848266
18.32	0.848271
18.31	0.848276
18.3	0.848281
18.29	0.848286
18.28	0.848292
18.27	0.848297
18.26	0.848302
18.25	0.848307
18.24	0.848312
18.23	0.848317
18.22	0.848323
18.21	0.848328
18.2	0.848333
18.19	0.848338
18.18	0.848343
18.17	0.848349
18.16	0.848354
18.15	0.848359
18.14	0.848364
18.13	0.84837
18.12	0.848375
18.11	0.84838
18.1	0.848385
18.09	0.848391
18.08	0.848396
18.07	0.848401
18.06	0.848406
18.05	0.848412
18.04	0.848417
18.03	0.848422
18.02	0.848428
18.01	0.848433
18	0.848438
17.99	0.848444
17.98	0.848449
17.97	0.848454
17.96	0.84846
17.95	0.848465
17.94	0.84847
17.93	0.848476
17.92	0.848481
17.91	0.848486
17.9	0.848492
17.89	0.848497
17.88	0.848503
17.87	0.848508
17.86	0.848513
17.85	0.848519
17.84	0.848524
17.83	0.84853
17.82	0.848535
17.81	0.84854
17.8	0.848546
17.79	0.848551
17.78	0.848557
17.77	0.848562
17.76	0.848568
17.75	0.848573
17.74	0.848579
17.73	0.848584
17.72	0.84859
17.71	0.848595
17.7	0.848601
17.69	0.848606
17.68	0.848612
17.67	0.848617
17.66	0.848623
17.65	0.848628
17.64	0.848634
17.63	0.848639
17.62	0.848645
17.61	0.84865
17.6	0.848656
17.59	0.848662
17.58	0.848667
17.57	0.848673
17.56	0.848678
17.55	0.848684
17.54	0.84869
17.53	0.848695
17.52	0.848701
17.51	0.848706
17.5	0.848712
17.49	0.848718
17.48	0.848723
17.47	0.848729
17.46	0.848735
17.45	0.84874
17.44	0.848746
17.43	0.848752
17.42	0.848757
17.41	0.848763
17.4	0.848769
17.39	0.848774
17.38	0.84878
17.37	0.848786
17.36	0.848792
17.35	0.848797
17.34	0.848803
17.33	0.848809
17.32	0.848814
17.31	0.84882
17.3	0.848826
17.29	0.848832
17.28	0.848838
17.27	0.848843
17.26	0.848849
17.25	0.848855
17.24	0.848861
17.23	0.848867
17.22	0.848872
17.21	0.848878
17.2	0.848884
17.19	0.84889
17.18	0.848896
17.17	0.848902
17.16	0.848907
17.15	0.848913
17.14	0.848919
17.13	0.848925
17.12	0.848931
17.11	0.848937
17.1	0.848943
17.09	0.848949
17.08	0.848954
17.07	0.84896
17.06	0.848966
17.05	0.848972
17.04	0.848978
17.03	0.848984
17.02	0.84899
17.01	0.848996
17	0.849002
16.99	0.849008
16.98	0.849014
16.97	0.84902
16.96	0.849026
16.95	0.849032
16.94	0.849038
16.93	0.849044
16.92	0.84905
16.91	0.849056
16.9	0.849062
16.89	0.849068
16.88	0.849074
16.87	0.84908
16.86	0.849086
16.85	0.849092
16.84	0.849099
16.83	0.849105
16.82	0.849111
16.81	0.849117
16.8	0.849123
16.79	0.849129
16.78	0.849135
16.77	0.849141
16.76	0.849147
16.75	0.849154
16.74	0.84916
16.73	0.849166
16.72	0.849172
16.71	0.849178
16.7	0.849185
16.69	0.849191
16.68	0.849197
16.67	0.849203
16.66	0.849209
16.65	0.849216
16.64	0.849222
16.63	0.849228
16.62	0.849234
16.61	0.849241
16.6	0.849247
16.59	0.849253
16.58	0.849259
16.57	0.849266
16.56	0.849272
16.55	0.849278
16.54	0.849285
16.53	0.849291
16.52	0.849297
16.51	0.849304
16.5	0.84931
16.49	0.849316
16.48	0.849323
16.47	0.849329
16.46	0.849335
16.45	0.849342
16.44	0.849348
16.43	0.849354
16.42	0.849361
16.41	0.849367
16.4	0.849374
16.39	0.84938
16.38	0.849387
16.37	0.849393
16.36	0.849399
16.35	0.849406
16.34	0.849412
16.33	0.849419
16.32	0.849425
16.31	0.849432
16.3	0.849438
16.29	0.849445
16.28	0.849451
16.27	0.849458
16.26	0.849464
16.25	0.849471
16.24	0.849477
16.23	0.849484
16.22	0.849491
16.21	0.849497
16.2	0.849504
16.19	0.84951
16.18	0.849517
16.17	0.849524
16.16	0.84953
16.15	0.849537
16.14	0.849543
16.13	0.84955
16.12	0.849557
16.11	0.849563
16.1	0.84957
16.09	0.849577
16.08	0.849583
16.07	0.84959
16.06	0.849597
16.05	0.849603
16.04	0.84961
16.03	0.849617
16.02	0.849624
16.01	0.84963
16	0.849637
15.99	0.849644
15.98	0.849651
15.97	0.849657
15.96	0.849664
15.95	0.849671
15.94	0.849678
15.93	0.849685
15.92	0.849691
15.91	0.849698
15.9	0.849705
15.89	0.849712
15.88	0.849719
15.87	0.849726
15.86	0.849733
15.85	0.849739
15.84	0.849746
15.83	0.849753
15.82	0.84976
15.81	0.849767
15.8	0.849774
15.79	0.849781
15.78	0.849788
15.77	0.849795
15.76	0.849802
15.75	0.849809
15.74	0.849816
15.73	0.849823
15.72	0.84983
15.71	0.849837
15.7	0.849844
15.69	0.849851
15.68	0.849858
15.67	0.849865
15.66	0.849872
15.65	0.849879
15.64	0.849886
15.63	0.849893
15.62	0.8499
15.61	0.849907
15.6	0.849914
15.59	0.849921
15.58	0.849928
15.57	0.849936
15.56	0.849943
15.55	0.84995
15.54	0.849957
15.53	0.849964
15.52	0.849971
15.51	0.849979
15.5	0.849986
15.49	0.849993
15.48	0.85
15.47	0.850007
15.46	0.850015
15.45	0.850022
15.44	0.850029
15.43	0.850036
15.42	0.850044
15.41	0.850051
15.4	0.850058
15.39	0.850065
15.38	0.850073
15.37	0.85008
15.36	0.850087
15.35	0.850095
15.34	0.850102
15.33	0.85011
15.32	0.850117
15.31	0.850124
15.3	0.850132
15.29	0.850139
15.28	0.850146
15.27	0.850154
15.26	0.850161
15.25	0.850169
15.24	0.850176
15.23	0.850184
15.22	0.850191
15.21	0.850199
15.2	0.850206
15.19	0.850214
15.18	0.850221
15.17	0.850229
15.16	0.850236
15.15	0.850244
15.14	0.850251
15.13	0.850259
15.12	0.850266
15.11	0.850274
15.1	0.850281
15.09	0.850289
15.08	0.850297
15.07	0.850304
15.06	0.850312
15.05	0.85032
15.04	0.850327
15.03	0.850335
15.02	0.850342
15.01	0.85035
15	0.850358
14.99	0.850366
14.98	0.850373
14.97	0.850381
14.96	0.850389
14.95	0.850396
14.94	0.850404
14.93	0.850412
14.92	0.85042
14.91	0.850428
14.9	0.850435
14.89	0.850443
14.88	0.850451
14.87	0.850459
14.86	0.850467
14.85	0.850474
14.84	0.850482
14.83	0.85049
14.82	0.850498
14.81	0.850506
14.8	0.850514
14.79	0.850522
14.78	0.85053
14.77	0.850538
14.76	0.850546
14.75	0.850553
14.74	0.850561
14.73	0.850569
14.72	0.850577
14.71	0.850585
14.7	0.850593
14.69	0.850601
14.68	0.850609
14.67	0.850618
14.66	0.850626
14.65	0.850634
14.64	0.850642
14.63	0.85065
14.62	0.850658
14.61	0.850666
14.6	0.850674
14.59	0.850682
14.58	0.85069
14.57	0.850699
14.56	0.850707
14.55	0.850715
14.54	0.850723
14.53	0.850731
14.52	0.850739
14.51	0.850748
14.5	0.850756
14.49	0.850764
14.48	0.850772
14.47	0.850781
14.46	0.850789
14.45	0.850797
14.44	0.850806
14.43	0.850814
14.42	0.850822
14.41	0.850831
14.4	0.850839
14.39	0.850847
14.38	0.850856
14.37	0.850864
14.36	0.850872
14.35	0.850881
14.34	0.850889
14.33	0.850898
14.32	0.850906
14.31	0.850915
14.3	0.850923
14.29	0.850932
14.28	0.85094
14.27	0.850949
14.26	0.850957
14.25	0.850966
14.24	0.850974
14.23	0.850983
14.22	0.850991
14.21	0.851
14.2	0.851008
14.19	0.851017
14.18	0.851026
14.17	0.851034
14.16	0.851043
14.15	0.851052
14.14	0.85106
14.13	0.851069
14.12	0.851078
14.11	0.851086
14.1	0.851095
14.09	0.851104
14.08	0.851112
14.07	0.851121
14.06	0.85113
14.05	0.851139
14.04	0.851148
14.03	0.851156
14.02	0.851165
14.01	0.851174
14	0.851183
13.99	0.851192
13.98	0.851201
13.97	0.851209
13.96	0.851218
13.95	0.851227
13.94	0.851236
13.93	0.851245
13.92	0.851254
13.91	0.851263
13.9	0.851272
13.89	0.851281
13.88	0.85129
13.87	0.851299
13.86	0.851308
13.85	0.851317
13.84	0.851326
13.83	0.851335
13.82	0.851344
13.81	0.851353
13.8	0.851362
13.79	0.851371
13.78	0.851381
13.77	0.85139
13.76	0.851399
13.75	0.851408
13.74	0.851417
13.73	0.851426
13.72	0.851436
13.71	0.851445
13.7	0.851454
13.69	0.851463
13.68	0.851473
13.67	0.851482
13.66	0.851491
13.65	0.851501
13.64	0.85151
13.63	0.851519
13.62	0.851529
13.61	0.851538
13.6	0.851547
13.59	0.851557
13.58	0.851566
13.57	0.851575
13.56	0.851585
13.55	0.851594
13.54	0.851604
13.53	0.851613
13.52	0.851623
13.51	0.851632
13.5	0.851642
13.49	0.851651
13.48	0.851661
13.47	0.85167
13.46	0.85168
13.45	0.85169
13.44	0.851699
13.43	0.851709
13.42	0.851718
13.41	0.851728
13.4	0.851738
13.39	0.851747
13.38	0.851757
13.37	0.851767
13.36	0.851777
13.35	0.851786
13.34	0.851796
13.33	0.851806
13.32	0.851816
13.31	0.851825
13.3	0.851835
13.29	0.851845
13.28	0.851855
13.27	0.851865
13.26	0.851875
13.25	0.851884
13.24	0.851894
13.23	0.851904
13.22	0.851914
13.21	0.851924
13.2	0.851934
13.19	0.851944
13.18	0.851954
13.17	0.851964
13.16	0.851974
13.15	0.851984
13.14	0.851994
13.13	0.852004
13.12	0.852014
13.11	0.852024
13.1	0.852035
13.09	0.852045
13.08	0.852055
13.07	0.852065
13.06	0.852075
13.05	0.852085
13.04	0.852095
13.03	0.852106
13.02	0.852116
13.01	0.852126
13	0.852136
12.99	0.852147
12.98	0.852157
12.97	0.852167
12.96	0.852178
12.95	0.852188
12.94	0.852198
12.93	0.852209
12.92	0.852219
12.91	0.85223
12.9	0.85224
12.89	0.852251
12.88	0.852261
12.87	0.852271
12.86	0.852282
12.85	0.852293
12.84	0.852303
12.83	0.852314
12.82	0.852324
12.81	0.852335
12.8	0.852345
12.79	0.852356
12.78	0.852367
12.77	0.852377
12.76	0.852388
12.75	0.852399
12.74	0.852409
12.73	0.85242
12.72	0.852431
12.71	0.852442
12.7	0.852452
12.69	0.852463
12.68	0.852474
12.67	0.852485
12.66	0.852496
12.65	0.852506
12.64	0.852517
12.63	0.852528
12.62	0.852539
12.61	0.85255
12.6	0.852561
12.59	0.852572
12.58	0.852583
12.57	0.852594
12.56	0.852605
12.55	0.852616
12.54	0.852627
12.53	0.852638
12.52	0.852649
12.51	0.85266
12.5	0.852671
12.49	0.852683
12.48	0.852694
12.47	0.852705
12.46	0.852716
12.45	0.852727
12.44	0.852738
12.43	0.85275
12.42	0.852761
12.41	0.852772
12.4	0.852784
12.39	0.852795
12.38	0.852806
12.37	0.852818
12.36	0.852829
12.35	0.85284
12.34	0.852852
12.33	0.852863
12.32	0.852875
12.31	0.852886
12.3	0.852898
12.29	0.852909
12.28	0.852921
12.27	0.852932
12.26	0.852944
12.25	0.852955
12.24	0.852967
12.23	0.852979
12.22	0.85299
12.21	0.853002
12.2	0.853014
12.19	0.853025
12.18	0.853037
12.17	0.853049
12.16	0.853061
12.15	0.853072
12.14	0.853084
12.13	0.853096
12.12	0.853108
12.11	0.85312
12.1	0.853132
12.09	0.853143
12.08	0.853155
12.07	0.853167
12.06	0.853179
12.05	0.853191
12.04	0.853203
12.03	0.853215
12.02	0.853227
12.01	0.853239
12	0.853251
11.99	0.853264
11.98	0.853276
11.97	0.853288
11.96	0.8533
11.95	0.853312
11.94	0.853324
11.93	0.853337
11.92	0.853349
11.91	0.853361
11.9	0.853373
11.89	0.853386
11.88	0.853398
11.87	0.85341
11.86	0.853423
11.85	0.853435
11.84	0.853448
11.83	0.85346
11.82	0.853472
11.81	0.853485
11.8	0.853498
11.79	0.85351
11.78	0.853523
11.77	0.853535
11.76	0.853548
11.75	0.85356
11.74	0.853573
11.73	0.853586
11.72	0.853598
11.71	0.853611
11.7	0.853624
11.69	0.853636
11.68	0.853649
11.67	0.853662
11.66	0.853675
11.65	0.853688
11.64	0.8537
11.63	0.853713
11.62	0.853726
11.61	0.853739
11.6	0.853752
11.59	0.853765
11.58	0.853778
11.57	0.853791
11.56	0.853804
11.55	0.853817
11.54	0.85383
11.53	0.853843
11.52	0.853856
11.51	0.85387
11.5	0.853883
11.49	0.853896
11.48	0.853909
11.47	0.853922
11.46	0.853936
11.45	0.853949
11.44	0.853962
11.43	0.853976
11.42	0.853989
11.41	0.854002
11.4	0.854016
11.39	0.854029
11.38	0.854043
11.37	0.854056
11.36	0.85407
11.35	0.854083
11.34	0.854097
11.33	0.85411
11.32	0.854124
11.31	0.854138
11.3	0.854151
11.29	0.854165
11.28	0.854179
11.27	0.854192
11.26	0.854206
11.25	0.85422
11.24	0.854234
11.23	0.854247
11.22	0.854261
11.21	0.854275
11.2	0.854289
11.19	0.854303
11.18	0.854317
11.17	0.854331
11.16	0.854345
11.15	0.854359
11.14	0.854373
11.13	0.854387
11.12	0.854401
11.11	0.854415
11.1	0.854429
11.09	0.854444
11.08	0.854458
11.07	0.854472
11.06	0.854486
11.05	0.854501
11.04	0.854515
11.03	0.854529
11.02	0.854544
11.01	0.854558
11	0.854572
10.99	0.854587
10.98	0.854601
10.97	0.854616
10.96	0.85463
10.95	0.854645
10.94	0.854659
10.93	0.854674
10.92	0.854689
10.91	0.854703
10.9	0.854718
10.89	0.854733
10.88	0.854748
10.87	0.854762
10.86	0.854777
10.85	0.854792
10.84	0.854807
10.83	0.854822
10.82	0.854837
10.81	0.854851
10.8	0.854867
10.79	0.854881
10.78	0.854896
10.77	0.854912
10.76	0.854927
10.75	0.854942
10.74	0.854957
10.73	0.854972
10.72	0.854987
10.71	0.855002
10.7	0.855018
10.69	0.855033
10.68	0.855048
10.67	0.855064
10.66	0.855079
10.65	0.855094
10.64	0.85511
10.63	0.855125
10.62	0.855141
10.61	0.855156
10.6	0.855172
10.59	0.855187
10.58	0.855203
10.57	0.855219
10.56	0.855234
10.55	0.85525
10.54	0.855266
10.53	0.855281
10.52	0.855297
10.51	0.855313
10.5	0.855329
10.49	0.855345
10.48	0.855361
10.47	0.855377
10.46	0.855393
10.45	0.855409
10.44	0.855425
10.43	0.855441
10.42	0.855457
10.41	0.855473
10.4	0.855489
10.39	0.855505
10.38	0.855521
10.37	0.855538
10.36	0.855554
10.35	0.85557
10.34	0.855587
10.33	0.855603
10.32	0.855619
10.31	0.855636
10.3	0.855652
10.29	0.855669
10.28	0.855685
10.27	0.855702
10.26	0.855719
10.25	0.855735
10.24	0.855752
10.23	0.855769
10.22	0.855785
10.21	0.855802
10.2	0.855819
10.19	0.855836
10.18	0.855853
10.17	0.85587
10.16	0.855887
10.15	0.855904
10.14	0.855921
10.13	0.855938
10.12	0.855955
10.11	0.855972
10.1	0.855989
10.09	0.856006
10.08	0.856023
10.07	0.856041
10.06	0.856058
10.05	0.856075
10.04	0.856093
10.03	0.85611
10.02	0.856127
10.01	0.856145
10	0.856162
9.99	0.85618
9.98	0.856197
9.97	0.856215
9.96	0.856233
9.95	0.85625
9.94	0.856268
9.93	0.856286
9.92	0.856304
9.91	0.856321
9.9	0.856339
9.89	0.856357
9.88	0.856375
9.87	0.856393
9.86	0.856411
9.85	0.856429
9.84	0.856447
9.83	0.856465
9.82	0.856484
9.81	0.856502
9.8	0.85652
9.79	0.856538
9.78	0.856557
9.77	0.856575
9.76	0.856593
9.75	0.856612
9.74	0.85663
9.73	0.856649
9.72	0.856667
9.71	0.856686
9.7	0.856704
9.69	0.856723
9.68	0.856742
9.67	0.856761
9.66	0.856779
9.65	0.856798
9.64	0.856817
9.63	0.856836
9.62	0.856855
9.61	0.856874
9.6	0.856893
9.59	0.856912
9.58	0.856931
9.57	0.85695
9.56	0.856969
9.55	0.856988
9.54	0.857008
9.53	0.857027
9.52	0.857046
9.51	0.857066
9.5	0.857085
9.49	0.857105
9.48	0.857124
9.47	0.857144
9.46	0.857163
9.45	0.857183
9.44	0.857203
9.43	0.857222
9.42	0.857242
9.41	0.857262
9.4	0.857282
9.39	0.857302
9.38	0.857322
9.37	0.857342
9.36	0.857362
9.35	0.857382
9.34	0.857402
9.33	0.857422
9.32	0.857442
9.31	0.857462
9.3	0.857483
9.29	0.857503
9.28	0.857523
9.27	0.857544
9.26	0.857564
9.25	0.857585
9.24	0.857605
9.23	0.857626
9.22	0.857647
9.21	0.857667
9.2	0.857688
9.19	0.857709
9.18	0.85773
9.17	0.85775
9.16	0.857771
9.15	0.857792
9.14	0.857813
9.13	0.857834
9.12	0.857855
9.11	0.857877
9.1	0.857898
9.09	0.857919
9.08	0.85794
9.07	0.857962
9.06	0.857983
9.05	0.858005
9.04	0.858026
9.03	0.858048
9.02	0.858069
9.01	0.858091
9	0.858113
8.99	0.858134
8.98	0.858156
8.97	0.858178
8.96	0.8582
8.95	0.858222
8.94	0.858244
8.93	0.858266
8.92	0.858288
8.91	0.85831
8.9	0.858332
8.89	0.858354
8.88	0.858377
8.87	0.858399
8.86	0.858421
8.85	0.858444
8.84	0.858466
8.83	0.858489
8.82	0.858512
8.81	0.858534
8.8	0.858557
8.79	0.85858
8.78	0.858602
8.77	0.858625
8.76	0.858648
8.75	0.858671
8.74	0.858694
8.73	0.858717
8.72	0.85874
8.71	0.858764
8.7	0.858787
8.69	0.85881
8.68	0.858833
8.67	0.858857
8.66	0.85888
8.65	0.858904
8.64	0.858927
8.63	0.858951
8.62	0.858975
8.61	0.858998
8.6	0.859022
8.59	0.859046
8.58	0.85907
8.57	0.859094
8.56	0.859118
8.55	0.859142
8.54	0.859166
8.53	0.85919
8.52	0.859215
8.51	0.859239
8.5	0.859263
8.49	0.859288
8.48	0.859312
8.47	0.859337
8.46	0.859361
8.45	0.859386
8.44	0.859411
8.43	0.859436
8.42	0.85946
8.41	0.859485
8.4	0.85951
8.39	0.859535
8.38	0.85956
8.37	0.859586
8.36	0.859611
8.35	0.859636
8.34	0.859661
8.33	0.859687
8.32	0.859712
8.31	0.859738
8.3	0.859763
8.29	0.859789
8.28	0.859815
8.27	0.859841
8.26	0.859866
8.25	0.859892
8.24	0.859918
8.23	0.859944
8.22	0.85997
8.21	0.859996
8.2	0.860023
8.19	0.860049
8.18	0.860075
8.17	0.860102
8.16	0.860128
8.15	0.860155
8.14	0.860181
8.13	0.860208
8.12	0.860235
8.11	0.860262
8.1	0.860289
8.09	0.860316
8.08	0.860343
8.07	0.86037
8.06	0.860397
8.05	0.860424
8.04	0.860451
8.03	0.860479
8.02	0.860506
8.01	0.860534
8	0.860561
7.99	0.860589
7.98	0.860617
7.97	0.860644
7.96	0.860672
7.95	0.8607
7.94	0.860728
7.93	0.860756
7.92	0.860785
7.91	0.860813
7.9	0.860841
7.89	0.860869
7.88	0.860898
7.87	0.860926
7.86	0.860955
7.85	0.860984
7.84	0.861012
7.83	0.861041
7.82	0.86107
7.81	0.861099
7.8	0.861128
7.79	0.861157
7.78	0.861186
7.77	0.861216
7.76	0.861245
7.75	0.861274
7.74	0.861304
7.73	0.861334
7.72	0.861363
7.71	0.861393
7.7	0.861423
7.69	0.861453
7.68	0.861483
7.67	0.861513
7.66	0.861543
7.65	0.861573
7.64	0.861603
7.63	0.861634
7.62	0.861664
7.61	0.861695
7.6	0.861726
7.59	0.861756
7.58	0.861787
7.57	0.861818
7.56	0.861849
7.55	0.86188
7.54	0.861911
7.53	0.861942
7.52	0.861974
7.51	0.862005
7.5	0.862036
7.49	0.862068
7.48	0.8621
7.47	0.862131
7.46	0.862163
7.45	0.862195
7.44	0.862227
7.43	0.862259
7.42	0.862291
7.41	0.862324
7.4	0.862356
7.39	0.862388
7.38	0.862421
7.37	0.862454
7.36	0.862486
7.35	0.862519
7.34	0.862552
7.33	0.862585
7.32	0.862618
7.31	0.862651
7.3	0.862684
7.29	0.862718
7.28	0.862751
7.27	0.862785
7.26	0.862818
7.25	0.862852
7.24	0.862886
7.23	0.86292
7.22	0.862954
7.21	0.862988
7.2	0.863022
7.19	0.863057
7.18	0.863091
7.17	0.863126
7.16	0.86316
7.15	0.863195
7.14	0.86323
7.13	0.863265
7.12	0.8633
7.11	0.863335
7.1	0.86337
7.09	0.863405
7.08	0.863441
7.07	0.863476
7.06	0.863512
7.05	0.863547
7.04	0.863583
7.03	0.863619
7.02	0.863655
7.01	0.863691
7	0.863728
6.99	0.863764
6.98	0.8638
6.97	0.863837
6.96	0.863874
6.95	0.86391
6.94	0.863947
6.93	0.863984
6.92	0.864021
6.91	0.864059
6.9	0.864096
6.89	0.864134
6.88	0.864171
6.87	0.864209
6.86	0.864247
6.85	0.864284
6.84	0.864322
6.83	0.864361
6.82	0.864399
6.81	0.864437
6.8	0.864476
6.79	0.864514
6.78	0.864553
6.77	0.864592
6.76	0.864631
6.75	0.86467
6.74	0.864709
6.73	0.864748
6.72	0.864788
6.71	0.864827
6.7	0.864867
6.69	0.864907
6.68	0.864946
6.67	0.864986
6.66	0.865027
6.65	0.865067
6.64	0.865107
6.63	0.865148
6.62	0.865188
6.61	0.865229
6.6	0.86527
6.59	0.865311
6.58	0.865352
6.57	0.865394
6.56	0.865435
6.55	0.865477
6.54	0.865518
6.53	0.86556
6.52	0.865602
6.51	0.865644
6.5	0.865686
6.49	0.865729
6.48	0.865771
6.47	0.865814
6.46	0.865856
6.45	0.865899
6.44	0.865942
6.43	0.865985
6.42	0.866029
6.41	0.866072
6.4	0.866116
6.39	0.866159
6.38	0.866203
6.37	0.866247
6.36	0.866291
6.35	0.866336
6.34	0.86638
6.33	0.866425
6.32	0.866469
6.31	0.866514
6.3	0.866559
6.29	0.866604
6.28	0.86665
6.27	0.866695
6.26	0.866741
6.25	0.866786
6.24	0.866832
6.23	0.866878
6.22	0.866925
6.21	0.866971
6.2	0.867018
6.19	0.867064
6.18	0.867111
6.17	0.867158
6.16	0.867205
6.15	0.867252
6.14	0.8673
6.13	0.867347
6.12	0.867395
6.11	0.867443
6.1	0.867491
6.09	0.867539
6.08	0.867588
6.07	0.867636
6.06	0.867685
6.05	0.867734
6.04	0.867783
6.03	0.867832
6.02	0.867882
6.01	0.867931
6	0.867981
5.99	0.868031
5.98	0.868081
5.97	0.868131
5.96	0.868182
5.95	0.868233
5.94	0.868283
5.93	0.868334
5.92	0.868385
5.91	0.868437
5.9	0.868488
5.89	0.86854
5.88	0.868592
5.87	0.868644
5.86	0.868696
5.85	0.868748
5.84	0.868801
5.83	0.868854
5.82	0.868907
5.81	0.86896
5.8	0.869013
5.79	0.869067
5.78	0.869121
5.77	0.869175
5.76	0.869229
5.75	0.869283
5.74	0.869337
5.73	0.869392
5.72	0.869447
5.71	0.869502
5.7	0.869557
5.69	0.869613
5.68	0.869669
5.67	0.869725
5.66	0.869781
5.65	0.869837
5.64	0.869893
5.63	0.86995
5.62	0.870007
5.61	0.870064
5.6	0.870122
5.59	0.870179
5.58	0.870237
5.57	0.870295
5.56	0.870353
5.55	0.870412
5.54	0.87047
5.53	0.870529
5.52	0.870588
5.51	0.870647
5.5	0.870707
5.49	0.870767
5.48	0.870827
5.47	0.870887
5.46	0.870947
5.45	0.871008
5.44	0.871069
5.43	0.87113
5.42	0.871191
5.41	0.871253
5.4	0.871315
5.39	0.871377
5.38	0.871439
5.37	0.871502
5.36	0.871565
5.35	0.871628
5.34	0.871691
5.33	0.871754
5.32	0.871818
5.31	0.871882
5.3	0.871946
5.29	0.872011
5.28	0.872076
5.27	0.872141
5.26	0.872206
5.25	0.872271
5.24	0.872337
5.23	0.872403
5.22	0.87247
5.21	0.872536
5.2	0.872603
5.19	0.87267
5.18	0.872737
5.17	0.872805
5.16	0.872873
5.15	0.872941
5.14	0.87301
5.13	0.873078
5.12	0.873147
5.11	0.873217
5.1	0.873286
5.09	0.873356
5.08	0.873426
5.07	0.873497
5.06	0.873567
5.05	0.873638
5.04	0.87371
5.03	0.873781
5.02	0.873853
5.01	0.873925
5	0.873998
4.99	0.874071
4.98	0.874144
4.97	0.874217
4.96	0.874291
4.95	0.874365
4.94	0.874439
4.93	0.874514
4.92	0.874589
4.91	0.874664
4.9	0.87474
4.89	0.874815
4.88	0.874892
4.87	0.874968
4.86	0.875045
4.85	0.875122
4.84	0.8752
4.83	0.875278
4.82	0.875356
4.81	0.875434
4.8	0.875513
4.79	0.875593
4.78	0.875672
4.77	0.875752
4.76	0.875832
4.75	0.875913
4.74	0.875994
4.73	0.876075
4.72	0.876157
4.71	0.876239
4.7	0.876321
4.69	0.876404
4.68	0.876487
4.67	0.876571
4.66	0.876655
4.65	0.876739
4.64	0.876824
4.63	0.876909
4.62	0.876994
4.61	0.87708
4.6	0.877166
4.59	0.877252
4.58	0.877339
4.57	0.877427
4.56	0.877514
4.55	0.877603
4.54	0.877691
4.53	0.87778
4.52	0.877869
4.51	0.877959
4.5	0.878049
4.49	0.87814
4.48	0.878231
4.47	0.878323
4.46	0.878414
4.45	0.878507
4.44	0.878599
4.43	0.878693
4.42	0.878786
4.41	0.87888
4.4	0.878975
4.39	0.87907
4.38	0.879165
4.37	0.879261
4.36	0.879357
4.35	0.879454
4.34	0.879551
4.33	0.879649
4.32	0.879747
4.31	0.879846
4.3	0.879945
4.29	0.880045
4.28	0.880145
4.27	0.880245
4.26	0.880346
4.25	0.880448
4.24	0.88055
4.23	0.880653
4.22	0.880756
4.21	0.880859
4.2	0.880964
4.19	0.881068
4.18	0.881173
4.17	0.881279
4.16	0.881385
4.15	0.881492
4.14	0.881599
4.13	0.881707
4.12	0.881815
4.11	0.881924
4.1	0.882034
4.09	0.882144
4.08	0.882254
4.07	0.882366
4.06	0.882477
4.05	0.88259
4.04	0.882703
4.03	0.882816
4.02	0.88293
4.01	0.883045
4	0.88316
3.99	0.883276
3.98	0.883393
3.97	0.88351
3.96	0.883627
3.95	0.883746
3.94	0.883865
3.93	0.883984
3.92	0.884104
3.91	0.884225
3.9	0.884347
3.89	0.884469
3.88	0.884592
3.87	0.884715
3.86	0.88484
3.85	0.884965
3.84	0.88509
3.83	0.885216
3.82	0.885343
3.81	0.885471
3.8	0.885599
3.79	0.885728
3.78	0.885858
3.77	0.885988
3.76	0.88612
3.75	0.886252
3.74	0.886384
3.73	0.886518
3.72	0.886652
3.71	0.886787
3.7	0.886922
3.69	0.887059
3.68	0.887196
3.67	0.887334
3.66	0.887473
3.65	0.887613
3.64	0.887753
3.63	0.887894
3.62	0.888036
3.61	0.888179
3.6	0.888323
3.59	0.888467
3.58	0.888613
3.57	0.888759
3.56	0.888906
3.55	0.889054
3.54	0.889203
3.53	0.889353
3.52	0.889504
3.51	0.889655
3.5	0.889808
3.49	0.889961
3.48	0.890115
3.47	0.890271
3.46	0.890427
3.45	0.890584
3.44	0.890742
3.43	0.890901
3.42	0.891061
3.41	0.891222
3.4	0.891384
3.39	0.891547
3.38	0.891712
3.37	0.891877
3.36	0.892043
3.35	0.89221
3.34	0.892378
3.33	0.892548
3.32	0.892718
3.31	0.892889
3.3	0.893062
3.29	0.893236
3.28	0.893411
3.27	0.893586
3.26	0.893763
3.25	0.893942
3.24	0.894121
3.23	0.894302
3.22	0.894483
3.21	0.894666
3.2	0.89485
3.19	0.895036
3.18	0.895222
3.17	0.89541
3.16	0.895599
3.15	0.89579
3.14	0.895981
3.13	0.896174
3.12	0.896369
3.11	0.896564
3.1	0.896761
3.09	0.89696
3.08	0.897159
3.07	0.89736
3.06	0.897563
3.05	0.897766
3.04	0.897972
3.03	0.898178
3.02	0.898387
3.01	0.898596
3	0.898807
2.99	0.89902
2.98	0.899234
2.97	0.89945
2.96	0.899667
2.95	0.899885
2.94	0.900106
2.93	0.900328
2.92	0.900551
2.91	0.900776
2.9	0.901003
2.89	0.901232
2.88	0.901462
2.87	0.901694
2.86	0.901927
2.85	0.902163
2.84	0.9024
2.83	0.902639
2.82	0.90288
2.81	0.903122
2.8	0.903367
2.79	0.903613
2.78	0.903861
2.77	0.904111
2.76	0.904363
2.75	0.904617
2.74	0.904873
2.73	0.905131
2.72	0.905391
2.71	0.905653
2.7	0.905917
2.69	0.906183
2.68	0.906451
2.67	0.906722
2.66	0.906994
2.65	0.907269
2.64	0.907546
2.63	0.907826
2.62	0.908107
2.61	0.908391
2.6	0.908677
2.59	0.908966
2.58	0.909257
2.57	0.90955
2.56	0.909846
2.55	0.910145
2.54	0.910446
2.53	0.910749
2.52	0.911055
2.51	0.911364
2.5	0.911675
2.49	0.911989
2.48	0.912306
2.47	0.912625
2.46	0.912948
2.45	0.913273
2.44	0.913601
2.43	0.913932
2.42	0.914266
2.41	0.914602
2.4	0.914942
2.39	0.915285
2.38	0.915631
2.37	0.91598
2.36	0.916333
2.35	0.916688
2.34	0.917047
2.33	0.917409
2.32	0.917775
2.31	0.918144
2.3	0.918516
2.29	0.918892
2.28	0.919272
2.27	0.919655
2.26	0.920042
2.25	0.920432
2.24	0.920827
2.23	0.921225
2.22	0.921627
2.21	0.922033
2.2	0.922443
2.19	0.922857
2.18	0.923275
2.17	0.923698
2.16	0.924124
2.15	0.924555
2.14	0.924991
2.13	0.925431
2.12	0.925875
2.11	0.926324
2.1	0.926777
2.09	0.927236
2.08	0.927699
2.07	0.928167
2.06	0.92864
2.05	0.929118
2.04	0.929601
2.03	0.930089
2.02	0.930582
2.01	0.931081
2	0.931586
1.99	0.932096
1.98	0.932611
1.97	0.933133
1.96	0.93366
1.95	0.934193
1.94	0.934732
1.93	0.935277
1.92	0.935829
1.91	0.936387
1.9	0.936951
1.89	0.937522
1.88	0.938099
1.87	0.938684
1.86	0.939275
1.85	0.939873
1.84	0.940479
1.83	0.941091
1.82	0.941712
1.81	0.942339
1.8	0.942975
1.79	0.943618
1.78	0.94427
1.77	0.944929
1.76	0.945597
1.75	0.946273
1.74	0.946958
1.73	0.947652
1.72	0.948354
1.71	0.949066
1.7	0.949787
1.69	0.950518
1.68	0.951258
1.67	0.952008
1.66	0.952769
1.65	0.953539
1.64	0.95432
1.63	0.955112
1.62	0.955914
1.61	0.956728
1.6	0.957553
1.59	0.95839
1.58	0.959239
1.57	0.9601
1.56	0.960973
1.55	0.961859
1.54	0.962757
1.53	0.963669
1.52	0.964595
1.51	0.965534
1.5	0.966488
1.49	0.967456
1.48	0.968439
1.47	0.969437
1.46	0.97045
1.45	0.971479
1.44	0.972524
1.43	0.973586
1.42	0.974665
1.41	0.975762
1.4	0.976876
1.39	0.978009
1.38	0.97916
1.37	0.98033
1.36	0.98152
1.35	0.982731
1.34	0.983962
1.33	0.985214
1.32	0.986488
1.31	0.987784
1.3	0.989103
1.29	0.990446
1.28	0.991813
1.27	0.993205
1.26	0.994622
1.25	0.996066
1.24	0.997536
1.23	0.999034
1.22	1.00056
1.21	1.00212
1.2	1.0037
1.19	1.00532
1.18	1.00697
1.17	1.00865
1.16	1.01037
1.15	1.01212
1.14	1.01391
1.13	1.01573
1.12	1.0176
1.11	1.0195
1.1	1.02144
1.09	1.02343
1.08	1.02546
1.07	1.02753
1.06	1.02965
1.05	1.03182
1.04	1.03404
1.03	1.03631
1.02	1.03863
1.01	1.04101
1	1.04344
0.99	1.04594
0.98	1.04849
0.97	1.05111
0.96	1.0538
0.95	1.05655
0.94	1.05938
0.93	1.06228
0.92	1.06526
0.91	1.06831
0.9	1.07146
0.89	1.07468
0.88	1.078
0.87	1.08141
0.86	1.08492
0.85	1.08854
0.84	1.09226
0.83	1.09609
0.82	1.10004
0.81	1.10411
0.8	1.10831
0.79	1.11264
0.78	1.11712
0.77	1.12174
0.76	1.12652
0.75	1.13147
0.74	1.13658
0.73	1.14188
0.72	1.14736
0.71	1.15305
0.7	1.15895
0.69	1.16507
0.68	1.17143
0.67	1.17804
0.66	1.18492
0.65	1.19208
0.64	1.19954
0.63	1.20732
0.62	1.21544
0.61	1.22392
0.6	1.23279
0.59	1.24207
0.58	1.2518
0.57	1.262
0.56	1.27272
0.55	1.28398
0.54	1.29584
0.53	1.30833
0.52	1.32152
0.51	1.33547
0.5	1.35023
0.49	1.36588
0.48	1.3825
0.47	1.40019
0.46	1.41905
0.45	1.43919
0.44	1.46076
0.43	1.4839
0.42	1.5088
0.41	1.53564
0.4	1.56468
0.39	1.59617
0.38	1.63045
0.37	1.66789
0.36	1.70893
0.35	1.75411
0.34	1.80407
0.33	1.85959
0.32	1.92164
0.31	1.99138
0.3	2.0703
0.29	2.16029
0.28	2.26375
0.27	2.38386
0.26	2.52483
0.25	2.69242
0.24	2.8947
0.23	3.1434
0.22	3.45628
0.21	3.86189
0.2	4.41016
0.19	5.20032
0.18	6.47939
0.17	9.28256
-0.17	9.28256
-0.18	6.47939
-0.19	5.20032
-0.2	4.41016
-0.21	3.86189
-0.22	3.45628
-0.23	3.1434
-0.24	2.8947
-0.25	2.69242
-0.26	2.52483
-0.27	2.38386
-0.28	2.26375
-0.29	2.16029
-0.3	2.0703
-0.31	1.99138
-0.32	1.92164
-0.33	1.85959
-0.34	1.80407
-0.35	1.75411
-0.36	1.70893
-0.37	1.66789
-0.38	1.63045
-0.39	1.59617
-0.4	1.56468
-0.41	1.53564
-0.42	1.5088
-0.43	1.4839
-0.44	1.46076
-0.45	1.43919
-0.46	1.41905
-0.47	1.40019
-0.48	1.3825
-0.49	1.36588
-0.5	1.35023
-0.51	1.33547
-0.52	1.32152
-0.53	1.30833
-0.54	1.29584
-0.55	1.28398
-0.56	1.27272
-0.57	1.262
-0.58	1.2518
-0.59	1.24207
-0.6	1.23279
-0.61	1.22392
-0.62	1.21544
-0.63	1.20732
-0.64	1.19954
-0.65	1.19208
-0.66	1.18492
-0.67	1.17804
-0.68	1.17143
-0.69	1.16507
-0.7	1.15895
-0.71	1.15305
-0.72	1.14736
-0.73	1.14188
-0.74	1.13658
-0.75	1.13147
-0.76	1.12652
-0.77	1.12174
-0.78	1.11712
-0.79	1.11264
-0.8	1.10831
-0.81	1.10411
-0.82	1.10004
-0.83	1.09609
-0.84	1.09226
-0.85	1.08854
-0.86	1.08492
-0.87	1.08141
-0.88	1.078
-0.89	1.07468
-0.9	1.07146
-0.91	1.06831
-0.92	1.06526
-0.93	1.06228
-0.94	1.05938
-0.95	1.05655
-0.96	1.0538
-0.97	1.05111
-0.98	1.04849
-0.99	1.04594
-1	1.04344
-1.01	1.04101
-1.02	1.03863
-1.03	1.03631
-1.04	1.03404
-1.05	1.03182
-1.06	1.02965
-1.07	1.02753
-1.08	1.02546
-1.09	1.02343
-1.1	1.02144
-1.11	1.0195
-1.12	1.0176
-1.13	1.01573
-1.14	1.01391
-1.15	1.01212
-1.16	1.01037
-1.17	1.00865
-1.18	1.00697
-1.19	1.00532
-1.2	1.0037
-1.21	1.00212
-1.22	1.00056
-1.23	0.999034
-1.24	0.997536
-1.25	0.996066
-1.26	0.994622
-1.27	0.993205
-1.28	0.991813
-1.29	0.990446
-1.3	0.989103
-1.31	0.987784
-1.32	0.986488
-1.33	0.985214
-1.34	0.983962
-1.35	0.982731
-1.36	0.98152
-1.37	0.98033
-1.38	0.97916
-1.39	0.978009
-1.4	0.976876
-1.41	0.975762
-1.42	0.974665
-1.43	0.973586
-1.44	0.972524
-1.45	0.971479
-1.46	0.97045
-1.47	0.969437
-1.48	0.968439
-1.49	0.967456
-1.5	0.966488
-1.51	0.965534
-1.52	0.964595
-1.53	0.963669
-1.54	0.962757
-1.55	0.961859
-1.56	0.960973
-1.57	0.9601
-1.58	0.959239
-1.59	0.95839
-1.6	0.957553
-1.61	0.956728
-1.62	0.955914
-1.63	0.955112
-1.64	0.95432
-1.65	0.953539
-1.66	0.952769
-1.67	0.952008
-1.68	0.951258
-1.69	0.950518
-1.7	0.949787
-1.71	0.949066
-1.72	0.948354
-1.73	0.947652
-1.74	0.946958
-1.75	0.946273
-1.76	0.945597
-1.77	0.944929
-1.78	0.94427
-1.79	0.943618
-1.8	0.942975
-1.81	0.942339
-1.82	0.941712
-1.83	0.941091
-1.84	0.940479
-1.85	0.939873
-1.86	0.939275
-1.87	0.938684
-1.88	0.938099
-1.89	0.937522
-1.9	0.936951
-1.91	0.936387
-1.92	0.935829
-1.93	0.935277
-1.94	0.934732
-1.95	0.934193
-1.96	0.93366
-1.97	0.933133
-1.98	0.932611
-1.99	0.932096
-2	0.931586
-2.01	0.931081
-2.02	0.930582
-2.03	0.930089
-2.04	0.929601
-2.05	0.929118
-2.06	0.92864
-2.07	0.928167
-2.08	0.927699
-2.09	0.927236
-2.1	0.926777
-2.11	0.926324
-2.12	0.925875
-2.13	0.925431
-2.14	0.924991
-2.15	0.924555
-2.16	0.924124
-2.17	0.923698
-2.18	0.923275
-2.19	0.922857
-2.2	0.922443
-2.21	0.922033
-2.22	0.921627
-2.23	0.921225
-2.24	0.920827
-2.25	0.920432
-2.26	0.920042
-2.27	0.919655
-2.28	0.919272
-2.29	0.918892
-2.3	0.918516
-2.31	0.918144
-2.32	0.917775
-2.33	0.917409
-2.34	0.917047
-2.35	0.916688
-2.36	0.916333
-2.37	0.91598
-2.38	0.915631
-2.39	0.915285
-2.4	0.914942
-2.41	0.914602
-2.42	0.914266
-2.43	0.913932
-2.44	0.913601
-2.45	0.913273
-2.46	0.912948
-2.47	0.912625
-2.48	0.912306
-2.49	0.911989
-2.5	0.911675
-2.51	0.911364
-2.52	0.911055
-2.53	0.910749
-2.54	0.910446
-2.55	0.910145
-2.56	0.909846
-2.57	0.90955
-2.58	0.909257
-2.59	0.908966
-2.6	0.908677
-2.61	0.908391
-2.62	0.908107
-2.63	0.907826
-2.64	0.907546
-2.65	0.907269
-2.66	0.906994
-2.67	0.906722
-2.68	0.906451
-2.69	0.906183
-2.7	0.905917
-2.71	0.905653
-2.72	0.905391
-2.73	0.905131
-2.74	0.904873
-2.75	0.904617
-2.76	0.904363
-2.77	0.904111
-2.78	0.903861
-2.79	0.903613
-2.8	0.903367
-2.81	0.903122
-2.82	0.90288
-2.83	0.902639
-2.84	0.9024
-2.85	0.902163
-2.86	0.901927
-2.87	0.901694
-2.88	0.901462
-2.89	0.901232
-2.9	0.901003
-2.91	0.900776
-2.92	0.900551
-2.93	0.900328
-2.94	0.900106
-2.95	0.899885
-2.96	0.899667
-2.97	0.89945
-2.98	0.899234
-2.99	0.89902
-3	0.898807
-3.01	0.898596
-3.02	0.898387
-3.03	0.898178
-3.04	0.897972
-3.05	0.897766
-3.06	0.897563
-3.07	0.89736
-3.08	0.897159
-3.09	0.89696
-3.1	0.896761
-3.11	0.896564
-3.12	0.896369
-3.13	0.896174
-3.14	0.895981
-3.15	0.89579
-3.16	0.895599
-3.17	0.89541
-3.18	0.895222
-3.19	0.895036
-3.2	0.89485
-3.21	0.894666
-3.22	0.894483
-3.23	0.894302
-3.24	0.894121
-3.25	0.893942
-3.26	0.893763
-3.27	0.893586
-3.28	0.893411
-3.29	0.893236
-3.3	0.893062
-3.31	0.892889
-3.32	0.892718
-3.33	0.892548
-3.34	0.892378
-3.35	0.89221
-3.36	0.892043
-3.37	0.891877
-3.38	0.891712
-3.39	0.891547
-3.4	0.891384
-3.41	0.891222
-3.42	0.891061
-3.43	0.890901
-3.44	0.890742
-3.45	0.890584
-3.46	0.890427
-3.47	0.890271
-3.48	0.890115
-3.49	0.889961
-3.5	0.889808
-3.51	0.889655
-3.52	0.889504
-3.53	0.889353
-3.54	0.889203
-3.55	0.889054
-3.56	0.888906
-3.57	0.888759
-3.58	0.888613
-3.59	0.888467
-3.6	0.888323
-3.61	0.888179
-3.62	0.888036
-3.63	0.887894
-3.64	0.887753
-3.65	0.887613
-3.66	0.887473
-3.67	0.887334
-3.68	0.887196
-3.69	0.887059
-3.7	0.886922
-3.71	0.886787
-3.72	0.886652
-3.73	0.886518
-3.74	0.886384
-3.75	0.886252
-3.76	0.88612
-3.77	0.885988
-3.78	0.885858
-3.79	0.885728
-3.8	0.885599
-3.81	0.885471
-3.82	0.885343
-3.83	0.885216
-3.84	0.88509
-3.85	0.884965
-3.86	0.88484
-3.87	0.884715
-3.88	0.884592
-3.89	0.884469
-3.9	0.884347
-3.91	0.884225
-3.92	0.884104
-3.93	0.883984
-3.94	0.883865
-3.95	0.883746
-3.96	0.883627
-3.97	0.88351
-3.98	0.883393
-3.99	0.883276
-4	0.88316
-4.01	0.883045
-4.02	0.88293
-4.03	0.882816
-4.04	0.882703
-4.05	0.88259
-4.06	0.882477
-4.07	0.882366
-4.08	0.882254
-4.09	0.882144
-4.1	0.882034
-4.11	0.881924
-4.12	0.881815
-4.13	0.881707
-4.14	0.881599
-4.15	0.881492
-4.16	0.881385
-4.17	0.881279
-4.18	0.881173
-4.19	0.881068
-4.2	0.880964
-4.21	0.880859
-4.22	0.880756
-4.23	0.880653
-4.24	0.88055
-4.25	0.880448
-4.26	0.880346
-4.27	0.880245
-4.28	0.880145
-4.29	0.880045
-4.3	0.879945
-4.31	0.879846
-4.32	0.879747
-4.33	0.879649
-4.34	0.879551
-4.35	0.879454
-4.36	0.879357
-4.37	0.879261
-4.38	0.879165
-4.39	0.87907
-4.4	0.878975
-4.41	0.87888
-4.42	0.878786
-4.43	0.878693
-4.44	0.878599
-4.45	0.878507
-4.46	0.878414
-4.47	0.878323
-4.48	0.878231
-4.49	0.87814
-4.5	0.878049
-4.51	0.877959
-4.52	0.877869
-4.53	0.87778
-4.54	0.877691
-4.55	0.877603
-4.56	0.877514
-4.57	0.877427
-4.58	0.877339
-4.59	0.877252
-4.6	0.877166
-4.61	0.87708
-4.62	0.876994
-4.63	0.876909
-4.64	0.876824
-4.65	0.876739
-4.66	0.876655
-4.67	0.876571
-4.68	0.876487
-4.69	0.876404
-4.7	0.876321
-4.71	0.876239
-4.72	0.876157
-4.73	0.876075
-4.74	0.875994
-4.75	0.875913
-4.76	0.875832
-4.77	0.875752
-4.78	0.875672
-4.79	0.875593
-4.8	0.875513
-4.81	0.875434
-4.82	0.875356
-4.83	0.875278
-4.84	0.8752
-4.85	0.875122
-4.86	0.875045
-4.87	0.874968
-4.88	0.874892
-4.89	0.874815
-4.9	0.87474
-4.91	0.874664
-4.92	0.874589
-4.93	0.874514
-4.94	0.874439
-4.95	0.874365
-4.96	0.874291
-4.97	0.874217
-4.98	0.874144
-4.99	0.874071
-5	0.873998
-5.01	0.873925
-5.02	0.873853
-5.03	0.873781
-5.04	0.87371
-5.05	0.873638
-5.06	0.873567
-5.07	0.873497
-5.08	0.873426
-5.09	0.873356
-5.1	0.873286
-5.11	0.873217
-5.12	0.873147
-5.13	0.873078
-5.14	0.87301
-5.15	0.872941
-5.16	0.872873
-5.17	0.872805
-5.18	0.872737
-5.19	0.87267
-5.2	0.872603
-5.21	0.872536
-5.22	0.87247
-5.23	0.872403
-5.24	0.872337
-5.25	0.872271
-5.26	0.872206
-5.27	0.872141
-5.28	0.872076
-5.29	0.872011
-5.3	0.871946
-5.31	0.871882
-5.32	0.871818
-5.33	0.871754
-5.34	0.871691
-5.35	0.871628
-5.36	0.871565
-5.37	0.871502
-5.38	0.871439
-5.39	0.871377
-5.4	0.871315
-5.41	0.871253
-5.42	0.871191
-5.43	0.87113
-5.44	0.871069
-5.45	0.871008
-5.46	0.870947
-5.47	0.870887
-5.48	0.870827
-5.49	0.870767
-5.5	0.870707
-5.51	0.870647
-5.52	0.870588
-5.53	0.870529
-5.54	0.87047
-5.55	0.870412
-5.56	0.870353
-5.57	0.870295
-5.58	0.870237
-5.59	0.870179
-5.6	0.870122
-5.61	0.870064
-5.62	0.870007
-5.63	0.86995
-5.64	0.869893
-5.65	0.869837
-5.66	0.869781
-5.67	0.869725
-5.68	0.869669
-5.69	0.869613
-5.7	0.869557
-5.71	0.869502
-5.72	0.869447
-5.73	0.869392
-5.74	0.869337
-5.75	0.869283
-5.76	0.869229
-5.77	0.869175
-5.78	0.869121
-5.79	0.869067
-5.8	0.869013
-5.81	0.86896
-5.82	0.868907
-5.83	0.868854
-5.84	0.868801
-5.85	0.868748
-5.86	0.868696
-5.87	0.868644
-5.88	0.868592
-5.89	0.86854
-5.9	0.868488
-5.91	0.868437
-5.92	0.868385
-5.93	0.868334
-5.94	0.868283
-5.95	0.868233
-5.96	0.868182
-5.97	0.868131
-5.98	0.868081
-5.99	0.868031
-6	0.867981
-6.01	0.867931
-6.02	0.867882
-6.03	0.867832
-6.04	0.867783
-6.05	0.867734
-6.06	0.867685
-6.07	0.867636
-6.08	0.867588
-6.09	0.867539
-6.1	0.867491
-6.11	0.867443
-6.12	0.867395
-6.13	0.867347
-6.14	0.8673
-6.15	0.867252
-6.16	0.867205
-6.17	0.867158
-6.18	0.867111
-6.19	0.867064
-6.2	0.867018
-6.21	0.866971
-6.22	0.866925
-6.23	0.866878
-6.24	0.866832
-6.25	0.866786
-6.26	0.866741
-6.27	0.866695
-6.28	0.86665
-6.29	0.866604
-6.3	0.866559
-6.31	0.866514
-6.32	0.866469
-6.33	0.866425
-6.34	0.86638
-6.35	0.866336
-6.36	0.866291
-6.37	0.866247
-6.38	0.866203
-6.39	0.866159
-6.4	0.866116
-6.41	0.866072
-6.42	0.866029
-6.43	0.865985
-6.44	0.865942
-6.45	0.865899
-6.46	0.865856
-6.47	0.865814
-6.48	0.865771
-6.49	0.865729
-6.5	0.865686
-6.51	0.865644
-6.52	0.865602
-6.53	0.86556
-6.54	0.865518
-6.55	0.865477
-6.56	0.865435
-6.57	0.865394
-6.58	0.865352
-6.59	0.865311
-6.6	0.86527
-6.61	0.865229
-6.62	0.865188
-6.63	0.865148
-6.64	0.865107
-6.65	0.865067
-6.66	0.865027
-6.67	0.864986
-6.68	0.864946
-6.69	0.864907
-6.7	0.864867
-6.71	0.864827
-6.72	0.864788
-6.73	0.864748
-6.74	0.864709
-6.75	0.86467
-6.76	0.864631
-6.77	0.864592
-6.78	0.864553
-6.79	0.864514
-6.8	0.864476
-6.81	0.864437
-6.82	0.864399
-6.83	0.864361
-6.84	0.864322
-6.85	0.864284
-6.86	0.864247
-6.87	0.864209
-6.88	0.864171
-6.89	0.864134
-6.9	0.864096
-6.91	0.864059
-6.92	0.864021
-6.93	0.863984
-6.94	0.863947
-6.95	0.86391
-6.96	0.863874
-6.97	0.863837
-6.98	0.8638
-6.99	0.863764
-7	0.863728
-7.01	0.863691
-7.02	0.863655
-7.03	0.863619
-7.04	0.863583
-7.05	0.863547
-7.06	0.863512
-7.07	0.863476
-7.08	0.863441
-7.09	0.863405
-7.1	0.86337
-7.11	0.863335
-7.12	0.8633
-7.13	0.863265
-7.14	0.86323
-7.15	0.863195
-7.16	0.86316
-7.17	0.863126
-7.18	0.863091
-7.19	0.863057
-7.2	0.863022
-7.21	0.862988
-7.22	0.862954
-7.23	0.86292
-7.24	0.862886
-7.25	0.862852
-7.26	0.862818
-7.27	0.862785
-7.28	0.862751
-7.29	0.862718
-7.3	0.862684
-7.31	0.862651
-7.32	0.862618
-7.33	0.862585
-7.34	0.862552
-7.35	0.862519
-7.36	0.862486
-7.37	0.862454
-7.38	0.862421
-7.39	0.862388
-7.4	0.862356
-7.41	0.862324
-7.42	0.862291
-7.43	0.862259
-7.44	0.862227
-7.45	0.862195
-7.46	0.862163
-7.47	0.862131
-7.48	0.8621
-7.49	0.862068
-7.5	0.862036
-7.51	0.862005
-7.52	0.861974
-7.53	0.861942
-7.54	0.861911
-7.55	0.86188
-7.56	0.861849
-7.57	0.861818
-7.58	0.861787
-7.59	0.861756
-7.6	0.861726
-7.61	0.861695
-7.62	0.861664
-7.63	0.861634
-7.64	0.861603
-7.65	0.861573
-7.66	0.861543
-7.67	0.861513
-7.68	0.861483
-7.69	0.861453
-7.7	0.861423
-7.71	0.861393
-7.72	0.861363
-7.73	0.861334
-7.74	0.861304
-7.75	0.861274
-7.76	0.861245
-7.77	0.861216
-7.78	0.861186
-7.79	0.861157
-7.8	0.861128
-7.81	0.861099
-7.82	0.86107
-7.83	0.861041
-7.84	0.861012
-7.85	0.860984
-7.86	0.860955
-7.87	0.860926
-7.88	0.860898
-7.89	0.860869
-7.9	0.860841
-7.91	0.860813
-7.92	0.860785
-7.93	0.860756
-7.94	0.860728
-7.95	0.8607
-7.96	0.860672
-7.97	0.860644
-7.98	0.860617
-7.99	0.860589
-8	0.860561
-8.01	0.860534
-8.02	0.860506
-8.03	0.860479
-8.04	0.860451
-8.05	0.860424
-8.06	0.860397
-8.07	0.86037
-8.08	0.860343
-8.09	0.860316
-8.1	0.860289
-8.11	0.860262
-8.12	0.860235
-8.13	0.860208
-8.14	0.860181
-8.15	0.860155
-8.16	0.860128
-8.17	0.860102
-8.18	0.860075
-8.19	0.860049
-8.2	0.860023
-8.21	0.859996
-8.22	0.85997
-8.23	0.859944
-8.24	0.859918
-8.25	0.859892
-8.26	0.859866
-8.27	0.859841
-8.28	0.859815
-8.29	0.859789
-8.3	0.859763
-8.31	0.859738
-8.32	0.859712
-8.33	0.859687
-8.34	0.859661
-8.35	0.859636
-8.36	0.859611
-8.37	0.859586
-8.38	0.85956
-8.39	0.859535
-8.4	0.85951
-8.41	0.859485
-8.42	0.85946
-8.43	0.859436
-8.44	0.859411
-8.45	0.859386
-8.46	0.859361
-8.47	0.859337
-8.48	0.859312
-8.49	0.859288
-8.5	0.859263
-8.51	0.859239
-8.52	0.859215
-8.53	0.85919
-8.54	0.859166
-8.55	0.859142
-8.56	0.859118
-8.57	0.859094
-8.58	0.85907
-8.59	0.859046
-8.6	0.859022
-8.61	0.858998
-8.62	0.858975
-8.63	0.858951
-8.64	0.858927
-8.65	0.858904
-8.66	0.85888
-8.67	0.858857
-8.68	0.858833
-8.69	0.85881
-8.7	0.858787
-8.71	0.858764
-8.72	0.85874
-8.73	0.858717
-8.74	0.858694
-8.75	0.858671
-8.76	0.858648
-8.77	0.858625
-8.78	0.858602
-8.79	0.85858
-8.8	0.858557
-8.81	0.858534
-8.82	0.858512
-8.83	0.858489
-8.84	0.858466
-8.85	0.858444
-8.86	0.858421
-8.87	0.858399
-8.88	0.858377
-8.89	0.858354
-8.9	0.858332
-8.91	0.85831
-8.92	0.858288
-8.93	0.858266
-8.94	0.858244
-8.95	0.858222
-8.96	0.8582
-8.97	0.858178
-8.98	0.858156
-8.99	0.858134
-9	0.858113
-9.01	0.858091
-9.02	0.858069
-9.03	0.858048
-9.04	0.858026
-9.05	0.858005
-9.06	0.857983
-9.07	0.857962
-9.08	0.85794
-9.09	0.857919
-9.1	0.857898
-9.11	0.857877
-9.12	0.857855
-9.13	0.857834
-9.14	0.857813
-9.15	0.857792
-9.16	0.857771
-9.17	0.85775
-9.18	0.85773
-9.19	0.857709
-9.2	0.857688
-9.21	0.857667
-9.22	0.857647
-9.23	0.857626
-9.24	0.857605
-9.25	0.857585
-9.26	0.857564
-9.27	0.857544
-9.28	0.857523
-9.29	0.857503
-9.3	0.857483
-9.31	0.857462
-9.32	0.857442
-9.33	0.857422
-9.34	0.857402
-9.35	0.857382
-9.36	0.857362
-9.37	0.857342
-9.38	0.857322
-9.39	0.857302
-9.4	0.857282
-9.41	0.857262
-9.42	0.857242
-9.43	0.857222
-9.44	0.857203
-9.45	0.857183
-9.46	0.857163
-9.47	0.857144
-9.48	0.857124
-9.49	0.857105
-9.5	0.857085
-9.51	0.857066
-9.52	0.857046
-9.53	0.857027
-9.54	0.857008
-9.55	0.856988
-9.56	0.856969
-9.57	0.85695
-9.58	0.856931
-9.59	0.856912
-9.6	0.856893
-9.61	0.856874
-9.62	0.856855
-9.63	0.856836
-9.64	0.856817
-9.65	0.856798
-9.66	0.856779
-9.67	0.856761
-9.68	0.856742
-9.69	0.856723
-9.7	0.856704
-9.71	0.856686
-9.72	0.856667
-9.73	0.856649
-9.74	0.85663
-9.75	0.856612
-9.76	0.856593
-9.77	0.856575
-9.78	0.856557
-9.79	0.856538
-9.8	0.85652
-9.81	0.856502
-9.82	0.856484
-9.83	0.856465
-9.84	0.856447
-9.85	0.856429
-9.86	0.856411
-9.87	0.856393
-9.88	0.856375
-9.89	0.856357
-9.9	0.856339
-9.91	0.856321
-9.92	0.856304
-9.93	0.856286
-9.94	0.856268
-9.95	0.85625
-9.96	0.856233
-9.97	0.856215
-9.98	0.856197
-9.99	0.85618
-10	0.856162
-10.01	0.856145
-10.02	0.856127
-10.03	0.85611
-10.04	0.856093
-10.05	0.856075
-10.06	0.856058
-10.07	0.856041
-10.08	0.856023
-10.09	0.856006
-10.1	0.855989
-10.11	0.855972
-10.12	0.855955
-10.13	0.855938
-10.14	0.855921
-10.15	0.855904
-10.16	0.855887
-10.17	0.85587
-10.18	0.855853
-10.19	0.855836
-10.2	0.855819
-10.21	0.855802
-10.22	0.855785
-10.23	0.855769
-10.24	0.855752
-10.25	0.855735
-10.26	0.855719
-10.27	0.855702
-10.28	0.855685
-10.29	0.855669
-10.3	0.855652
-10.31	0.855636
-10.32	0.855619
-10.33	0.855603
-10.34	0.855587
-10.35	0.85557
-10.36	0.855554
-10.37	0.855538
-10.38	0.855521
-10.39	0.855505
-10.4	0.855489
-10.41	0.855473
-10.42	0.855457
-10.43	0.855441
-10.44	0.855425
-10.45	0.855409
-10.46	0.855393
-10.47	0.855377
-10.48	0.855361
-10.49	0.855345
-10.5	0.855329
-10.51	0.855313
-10.52	0.855297
-10.53	0.855281
-10.54	0.855266
-10.55	0.85525
-10.56	0.855234
-10.57	0.855219
-10.58	0.855203
-10.59	0.855187
-10.6	0.855172
-10.61	0.855156
-10.62	0.855141
-10.63	0.855125
-10.64	0.85511
-10.65	0.855094
-10.66	0.855079
-10.67	0.855064
-10.68	0.855048
-10.69	0.855033
-10.7	0.855018
-10.71	0.855002
-10.72	0.854987
-10.73	0.854972
-10.74	0.854957
-10.75	0.854942
-10.76	0.854927
-10.77	0.854912
-10.78	0.854896
-10.79	0.854881
-10.8	0.854867
-10.81	0.854851
-10.82	0.854837
-10.83	0.854822
-10.84	0.854807
-10.85	0.854792
-10.86	0.854777
-10.87	0.854762
-10.88	0.854748
-10.89	0.854733
-10.9	0.854718
-10.91	0.854703
-10.92	0.854689
-10.93	0.854674
-10.94	0.854659
-10.95	0.854645
-10.96	0.85463
-10.97	0.854616
-10.98	0.854601
-10.99	0.854587
-11	0.854572
-11.01	0.854558
-11.02	0.854544
-11.03	0.854529
-11.04	0.854515
-11.05	0.854501
-11.06	0.854486
-11.07	0.854472
-11.08	0.854458
-11.09	0.854444
-11.1	0.854429
-11.11	0.854415
-11.12	0.854401
-11.13	0.854387
-11.14	0.854373
-11.15	0.854359
-11.16	0.854345
-11.17	0.854331
-11.18	0.854317
-11.19	0.854303
-11.2	0.854289
-11.21	0.854275
-11.22	0.854261
-11.23	0.854247
-11.24	0.854234
-11.25	0.85422
-11.26	0.854206
-11.27	0.854192
-11.28	0.854179
-11.29	0.854165
-11.3	0.854151
-11.31	0.854138
-11.32	0.854124
-11.33	0.85411
-11.34	0.854097
-11.35	0.854083
-11.36	0.85407
-11.37	0.854056
-11.38	0.854043
-11.39	0.854029
-11.4	0.854016
-11.41	0.854002
-11.42	0.853989
-11.43	0.853976
-11.44	0.853962
-11.45	0.853949
-11.46	0.853936
-11.47	0.853922
-11.48	0.853909
-11.49	0.853896
-11.5	0.853883
-11.51	0.85387
-11.52	0.853856
-11.53	0.853843
-11.54	0.85383
-11.55	0.853817
-11.56	0.853804
-11.57	0.853791
-11.58	0.853778
-11.59	0.853765
-11.6	0.853752
-11.61	0.853739
-11.62	0.853726
-11.63	0.853713
-11.64	0.8537
-11.65	0.853688
-11.66	0.853675
-11.67	0.853662
-11.68	0.853649
-11.69	0.853636
-11.7	0.853624
-11.71	0.853611
-11.72	0.853598
-11.73	0.853586
-11.74	0.853573
-11.75	0.85356
-11.76	0.853548
-11.77	0.853535
-11.78	0.853523
-11.79	0.85351
-11.8	0.853498
-11.81	0.853485
-11.82	0.853472
-11.83	0.85346
-11.84	0.853448
-11.85	0.853435
-11.86	0.853423
-11.87	0.85341
-11.88	0.853398
-11.89	0.853386
-11.9	0.853373
-11.91	0.853361
-11.92	0.853349
-11.93	0.853337
-11.94	0.853324
-11.95	0.853312
-11.96	0.8533
-11.97	0.853288
-11.98	0.853276
-11.99	0.853264
-12	0.853251
-12.01	0.853239
-12.02	0.853227
-12.03	0.853215
-12.04	0.853203
-12.05	0.853191
-12.06	0.853179
-12.07	0.853167
-12.08	0.853155
-12.09	0.853143
-12.1	0.853132
-12.11	0.85312
-12.12	0.853108
-12.13	0.853096
-12.14	0.853084
-12.15	0.853072
-12.16	0.853061
-12.17	0.853049
-12.18	0.853037
-12.19	0.853025
-12.2	0.853014
-12.21	0.853002
-12.22	0.85299
-12.23	0.852979
-12.24	0.852967
-12.25	0.852955
-12.26	0.852944
-12.27	0.852932
-12.28	0.852921
-12.29	0.852909
-12.3	0.852898
-12.31	0.852886
-12.32	0.852875
-12.33	0.852863
-12.34	0.852852
-12.35	0.85284
-12.36	0.852829
-12.37	0.852818
-12.38	0.852806
-12.39	0.852795
-12.4	0.852784
-12.41	0.852772
-12.42	0.852761
-12.43	0.85275
-12.44	0.852738
-12.45	0.852727
-12.46	0.852716
-12.47	0.852705
-12.48	0.852694
-12.49	0.852683
-12.5	0.852671
-12.51	0.85266
-12.52	0.852649
-12.53	0.852638
-12.54	0.852627
-12.55	0.852616
-12.56	0.852605
-12.57	0.852594
-12.58	0.852583
-12.59	0.852572
-12.6	0.852561
-12.61	0.85255
-12.62	0.852539
-12.63	0.852528
-12.64	0.852517
-12.65	0.852506
-12.66	0.852496
-12.67	0.852485
-12.68	0.852474
-12.69	0.852463
-12.7	0.852452
-12.71	0.852442
-12.72	0.852431
-12.73	0.85242
-12.74	0.852409
-12.75	0.852399
-12.76	0.852388
-12.77	0.852377
-12.78	0.852367
-12.79	0.852356
-12.8	0.852345
-12.81	0.852335
-12.82	0.852324
-12.83	0.852314
-12.84	0.852303
-12.85	0.852293
-12.86	0.852282
-12.87	0.852271
-12.88	0.852261
-12.89	0.852251
-12.9	0.85224
-12.91	0.85223
-12.92	0.852219
-12.93	0.852209
-12.94	0.852198
-12.95	0.852188
-12.96	0.852178
-12.97	0.852167
-12.98	0.852157
-12.99	0.852147
-13	0.852136
-13.01	0.852126
-13.02	0.852116
-13.03	0.852106
-13.04	0.852095
-13.05	0.852085
-13.06	0.852075
-13.07	0.852065
-13.08	0.852055
-13.09	0.852045
-13.1	0.852035
-13.11	0.852024
-13.12	0.852014
-13.13	0.852004
-13.14	0.851994
-13.15	0.851984
-13.16	0.851974
-13.17	0.851964
-13.18	0.851954
-13.19	0.851944
-13.2	0.851934
-13.21	0.851924
-13.22	0.851914
-13.23	0.851904
-13.24	0.851894
-13.25	0.851884
-13.26	0.851875
-13.27	0.851865
-13.28	0.851855
-13.29	0.851845
-13.3	0.851835
-13.31	0.851825
-13.32	0.851816
-13.33	0.851806
-13.34	0.851796
-13.35	0.851786
-13.36	0.851777
-13.37	0.851767
-13.38	0.851757
-13.39	0.851747
-13.4	0.851738
-13.41	0.851728
-13.42	0.851718
-13.43	0.851709
-13.44	0.851699
-13.45	0.85169
-13.46	0.85168
-13.47	0.85167
-13.48	0.851661
-13.49	0.851651
-13.5	0.851642
-13.51	0.851632
-13.52	0.851623
-13.53	0.851613
-13.54	0.851604
-13.55	0.851594
-13.56	0.851585
-13.57	0.851575
-13.58	0.851566
-13.59	0.851557
-13.6	0.851547
-13.61	0.851538
-13.62	0.851529
-13.63	0.851519
-13.64	0.85151
-13.65	0.851501
-13.66	0.851491
-13.67	0.851482
-13.68	0.851473
-13.69	0.851463
-13.7	0.851454
-13.71	0.851445
-13.72	0.851436
-13.73	0.851426
-13.74	0.851417
-13.75	0.851408
-13.76	0.851399
-13.77	0.85139
-13.78	0.851381
-13.79	0.851371
-13.8	0.851362
-13.81	0.851353
-13.82	0.851344
-13.83	0.851335
-13.84	0.851326
-13.85	0.851317
-13.86	0.851308
-13.87	0.851299
-13.88	0.85129
-13.89	0.851281
-13.9	0.851272
-13.91	0.851263
-13.92	0.851254
-13.93	0.851245
-13.94	0.851236
-13.95	0.851227
-13.96	0.851218
-13.97	0.851209
-13.98	0.851201
-13.99	0.851192
-14	0.851183
-14.01	0.851174
-14.02	0.851165
-14.03	0.851156
-14.04	0.851148
-14.05	0.851139
-14.06	0.85113
-14.07	0.851121
-14.08	0.851112
-14.09	0.851104
-14.1	0.851095
-14.11	0.851086
-14.12	0.851078
-14.13	0.851069
-14.14	0.85106
-14.15	0.851052
-14.16	0.851043
-14.17	0.851034
-14.18	0.851026
-14.19	0.851017
-14.2	0.851008
-14.21	0.851
-14.22	0.850991
-14.23	0.850983
-14.24	0.850974
-14.25	0.850966
-14.26	0.850957
-14.27	0.850949
-14.28	0.85094
-14.29	0.850932
-14.3	0.850923
-14.31	0.850915
-14.32	0.850906
-14.33	0.850898
-14.34	0.850889
-14.35	0.850881
-14.36	0.850872
-14.37	0.850864
-14.38	0.850856
-14.39	0.850847
-14.4	0.850839
-14.41	0.850831
-14.42	0.850822
-14.43	0.850814
-14.44	0.850806
-14.45	0.850797
-14.46	0.850789
-14.47	0.850781
-14.48	0.850772
-14.49	0.850764
-14.5	0.850756
-14.51	0.850748
-14.52	0.850739
-14.53	0.850731
-14.54	0.850723
-14.55	0.850715
-14.56	0.850707
-14.57	0.850699
-14.58	0.85069
-14.59	0.850682
-14.6	0.850674
-14.61	0.850666
-14.62	0.850658
-14.63	0.85065
-14.64	0.850642
-14.65	0.850634
-14.66	0.850626
-14.67	0.850618
-14.68	0.850609
-14.69	0.850601
-14.7	0.850593
-14.71	0.850585
-14.72	0.850577
-14.73	0.850569
-14.74	0.850561
-14.75	0.850553
-14.76	0.850546
-14.77	0.850538
-14.78	0.85053
-14.79	0.850522
-14.8	0.850514
-14.81	0.850506
-14.82	0.850498
-14.83	0.85049
-14.84	0.850482
-14.85	0.850474
-14.86	0.850467
-14.87	0.850459
-14.88	0.850451
-14.89	0.850443
-14.9	0.850435
-14.91	0.850428
-14.92	0.85042
-14.93	0.850412
-14.94	0.850404
-14.95	0.850396
-14.96	0.850389
-14.97	0.850381
-14.98	0.850373
-14.99	0.850366
-15	0.850358
-15.01	0.85035
-15.02	0.850342
-15.03	0.850335
-15.04	0.850327
-15.05	0.85032
-15.06	0.850312
-15.07	0.850304
-15.08	0.850297
-15.09	0.850289
-15.1	0.850281
-15.11	0.850274
-15.12	0.850266
-15.13	0.850259
-15.14	0.850251
-15.15	0.850244
-15.16	0.850236
-15.17	0.850229
-15.18	0.850221
-15.19	0.850214
-15.2	0.850206
-15.21	0.850199
-15.22	0.850191
-15.23	0.850184
-15.24	0.850176
-15.25	0.850169
-15.26	0.850161
-15.27	0.850154
-15.28	0.850146
-15.29	0.850139
-15.3	0.850132
-15.31	0.850124
-15.32	0.850117
-15.33	0.85011
-15.34	0.850102
-15.35	0.850095
-15.36	0.850087
-15.37	0.85008
-15.38	0.850073
-15.39	0.850065
-15.4	0.850058
-15.41	0.850051
-15.42	0.850044
-15.43	0.850036
-15.44	0.850029
-15.45	0.850022
-15.46	0.850015
-15.47	0.850007
-15.48	0.85
-15.49	0.849993
-15.5	0.849986
-15.51	0.849979
-15.52	0.849971
-15.53	0.849964
-15.54	0.849957
-15.55	0.84995
-15.56	0.849943
-15.57	0.849936
-15.58	0.849928
-15.59	0.849921
-15.6	0.849914
-15.61	0.849907
-15.62	0.8499
-15.63	0.849893
-15.64	0.849886
-15.65	0.849879
-15.66	0.849872
-15.67	0.849865
-15.68	0.849858
-15.69	0.849851
-15.7	0.849844
-15.71	0.849837
-15.72	0.84983
-15.73	0.849823
-15.74	0.849816
-15.75	0.849809
-15.76	0.849802
-15.77	0.849795
-15.78	0.849788
-15.79	0.849781
-15.8	0.849774
-15.81	0.849767
-15.82	0.84976
-15.83	0.849753
-15.84	0.849746
-15.85	0.849739
-15.86	0.849733
-15.87	0.849726
-15.88	0.849719
-15.89	0.849712
-15.9	0.849705
-15.91	0.849698
-15.92	0.849691
-15.93	0.849685
-15.94	0.849678
-15.95	0.849671
-15.96	0.849664
-15.97	0.849657
-15.98	0.849651
-15.99	0.849644
-16	0.849637
-16.01	0.84963
-16.02	0.849624
-16.03	0.849617
-16.04	0.84961
-16.05	0.849603
-16.06	0.849597
-16.07	0.84959
-16.08	0.849583
-16.09	0.849577
-16.1	0.84957
-16.11	0.849563
-16.12	0.849557
-16.13	0.84955
-16.14	0.849543
-16.15	0.849537
-16.16	0.84953
-16.17	0.849524
-16.18	0.849517
-16.19	0.84951
-16.2	0.849504
-16.21	0.849497
-16.22	0.849491
-16.23	0.849484
-16.24	0.849477
-16.25	0.849471
-16.26	0.849464
-16.27	0.849458
-16.28	0.849451
-16.29	0.849445
-16.3	0.849438
-16.31	0.849432
-16.32	0.849425
-16.33	0.849419
-16.34	0.849412
-16.35	0.849406
-16.36	0.849399
-16.37	0.849393
-16.38	0.849387
-16.39	0.84938
-16.4	0.849374
-16.41	0.849367
-16.42	0.849361
-16.43	0.849354
-16.44	0.849348
-16.45	0.849342
-16.46	0.849335
-16.47	0.849329
-16.48	0.849323
-16.49	0.849316
-16.5	0.84931
-16.51	0.849304
-16.52	0.849297
-16.53	0.849291
-16.54	0.849285
-16.55	0.849278
-16.56	0.849272
-16.57	0.849266
-16.58	0.849259
-16.59	0.849253
-16.6	0.849247
-16.61	0.849241
-16.62	0.849234
-16.63	0.849228
-16.64	0.849222
-16.65	0.849216
-16.66	0.849209
-16.67	0.849203
-16.68	0.849197
-16.69	0.849191
-16.7	0.849185
-16.71	0.849178
-16.72	0.849172
-16.73	0.849166
-16.74	0.84916
-16.75	0.849154
-16.76	0.849147
-16.77	0.849141
-16.78	0.849135
-16.79	0.849129
-16.8	0.849123
-16.81	0.849117
-16.82	0.849111
-16.83	0.849105
-16.84	0.849099
-16.85	0.849092
-16.86	0.849086
-16.87	0.84908
-16.88	0.849074
-16.89	0.849068
-16.9	0.849062
-16.91	0.849056
-16.92	0.84905
-16.93	0.849044
-16.94	0.849038
-16.95	0.849032
-16.96	0.849026
-16.97	0.84902
-16.98	0.849014
-16.99	0.849008
-17	0.849002
-17.01	0.848996
-17.02	0.84899
-17.03	0.848984
-17.04	0.848978
-17.05	0.848972
-17.06	0.848966
-17.07	0.84896
-17.08	0.848954
-17.09	0.848949
-17.1	0.848943
-17.11	0.848937
-17.12	0.848931
-17.13	0.848925
-17.14	0.848919
-17.15	0.848913
-17.16	0.848907
-17.17	0.848902
-17.18	0.848896
-17.19	0.84889
-17.2	0.848884
-17.21	0.848878
-17.22	0.848872
-17.23	0.848867
-17.24	0.848861
-17.25	0.848855
-17.26	0.848849
-17.27	0.848843
-17.28	0.848838
-17.29	0.848832
-17.3	0.848826
-17.31	0.84882
-17.32	0.848814
-17.33	0.848809
-17.34	0.848803
-17.35	0.848797
-17.36	0.848792
-17.37	0.848786
-17.38	0.84878
-17.39	0.848774
-17.4	0.848769
-17.41	0.848763
-17.42	0.848757
-17.43	0.848752
-17.44	0.848746
-17.45	0.84874
-17.46	0.848735
-17.47	0.848729
-17.48	0.848723
-17.49	0.848718
-17.5	0.848712
-17.51	0.848706
-17.52	0.848701
-17.53	0.848695
-17.54	0.84869
-17.55	0.848684
-17.56	0.848678
-17.57	0.848673
-17.58	0.848667
-17.59	0.848662
-17.6	0.848656
-17.61	0.84865
-17.62	0.848645
-17.63	0.848639
-17.64	0.848634
-17.65	0.848628
-17.66	0.848623
-17.67	0.848617
-17.68	0.848612
-17.69	0.848606
-17.7	0.848601
-17.71	0.848595
-17.72	0.84859
-17.73	0.848584
-17.74	0.848579
-17.75	0.848573
-17.76	0.848568
-17.77	0.848562
-17.78	0.848557
-17.79	0.848551
-17.8	0.848546
-17.81	0.84854
-17.82	0.848535
-17.83	0.84853
-17.84	0.848524
-17.85	0.848519
-17.86	0.848513
-17.87	0.848508
-17.88	0.848503
-17.89	0.848497
-17.9	0.848492
-17.91	0.848486
-17.92	0.848481
-17.93	0.848476
-17.94	0.84847
-17.95	0.848465
-17.96	0.84846
-17.97	0.848454
-17.98	0.848449
-17.99	0.848444
-18	0.848438
-18.01	0.848433
-18.02	0.848428
-18.03	0.848422
-18.04	0.848417
-18.05	0.848412
-18.06	0.848406
-18.07	0.848401
-18.08	0.848396
-18.09	0.848391
-18.1	0.848385
-18.11	0.84838
-18.12	0.848375
-18.13	0.84837
-18.14	0.848364
-18.15	0.848359
-18.16	0.848354
-18.17	0.848349
-18.18	0.848343
-18.19	0.848338
-18.2	0.848333
-18.21	0.848328
-18.22	0.848323
-18.23	0.848317
-18.24	0.848312
-18.25	0.848307
-18.26	0.848302
-18.27	0.848297
-18.28	0.848292
-18.29	0.848286
-18.3	0.848281
-18.31	0.848276
-18.32	0.848271
-18.33	0.848266
-18.34	0.848261
-18.35	0.848256
-18.36	0.848251
-18.37	0.848245
-18.38	0.84824
-18.39	0.848235
-18.4	0.84823
-18.41	0.848225
-18.42	0.84822
-18.43	0.848215
-18.44	0.84821
-18.45	0.848205
-18.46	0.8482
-18.47	0.848195
-18.48	0.84819
-18.49	0.848185
-18.5	0.848179
-18.51	0.848174
-18.52	0.848169
-18.53	0.848164
-18.54	0.848159
-18.55	0.848154
-18.56	0.848149
-18.57	0.848144
-18.58	0.848139
-18.59	0.848134
-18.6	0.848129
-18.61	0.848124
-18.62	0.848119
-18.63	0.848114
-18.64	0.848109
-18.65	0.848105
-18.66	0.8481
-18.67	0.848095
-18.68	0.84809
-18.69	0.848085
-18.7	0.84808
-18.71	0.848075
-18.72	0.84807
-18.73	0.848065
-18.74	0.84806
-18.75	0.848055
-18.76	0.84805
-18.77	0.848045
-18.78	0.848041
-18.79	0.848036
-18.8	0.848031
-18.81	0.848026
-18.82	0.848021
-18.83	0.848016
-18.84	0.848011
-18.85	0.848007
-18.86	0.848002
-18.87	0.847997
-18.88	0.847992
-18.89	0.847987
-18.9	0.847982
-18.91	0.847978
-18.92	0.847973
-18.93	0.847968
-18.94	0.847963
-18.95	0.847958
-18.96	0.847953
-18.97	0.847949
-18.98	0.847944
-18.99	0.847939
-19	0.847934
-19.01	0.84793
-19.02	0.847925
-19.03	0.84792
-19.04	0.847915
-19.05	0.847911
-19.06	0.847906
-19.07	0.847901
-19.08	0.847896
-19.09	0.847892
-19.1	0.847887
-19.11	0.847882
-19.12	0.847878
-19.13	0.847873
-19.14	0.847868
-19.15	0.847863
-19.16	0.847859
-19.17	0.847854
-19.18	0.847849
-19.19	0.847845
-19.2	0.84784
-19.21	0.847835
-19.22	0.847831
-19.23	0.847826
-19.24	0.847821
-19.25	0.847817
-19.26	0.847812
-19.27	0.847807
-19.28	0.847803
-19.29	0.847798
-19.3	0.847794
-19.31	0.847789
-19.32	0.847784
-19.33	0.84778
-19.34	0.847775
-19.35	0.84777
-19.36	0.847766
-19.37	0.847761
-19.38	0.847757
-19.39	0.847752
-19.4	0.847748
-19.41	0.847743
-19.42	0.847738
-19.43	0.847734
-19.44	0.847729
-19.45	0.847725
-19.46	0.84772
-19.47	0.847716
-19.48	0.847711
-19.49	0.847707
-19.5	0.847702
-19.51	0.847697
-19.52	0.847693
-19.53	0.847688
-19.54	0.847684
-19.55	0.847679
-19.56	0.847675
-19.57	0.84767
-19.58	0.847666
-19.59	0.847661
-19.6	0.847657
-19.61	0.847652
-19.62	0.847648
-19.63	0.847644
-19.64	0.847639
-19.65	0.847635
-19.66	0.84763
-19.67	0.847626
-19.68	0.847621
-19.69	0.847617
-19.7	0.847612
-19.71	0.847608
-19.72	0.847603
-19.73	0.847599
-19.74	0.847595
-19.75	0.84759
-19.76	0.847586
-19.77	0.847581
-19.78	0.847577
-19.79	0.847573
-19.8	0.847568
-19.81	0.847564
-19.82	0.84756
-19.83	0.847555
-19.84	0.847551
-19.85	0.847546
-19.86	0.847542
-19.87	0.847538
-19.88	0.847533
-19.89	0.847529
-19.9	0.847525
-19.91	0.84752
-19.92	0.847516
-19.93	0.847512
-19.94	0.847507
-19.95	0.847503
-19.96	0.847499
-19.97	0.847494
-19.98	0.84749
-19.99	0.847486
-20	0.847481
-20.01	0.847477
-20.02	0.847473
-20.03	0.847468
-20.04	0.847464
-20.05	0.84746
-20.06	0.847456
-20.07	0.847451
-20.08	0.847447
-20.09	0.847443
-20.1	0.847439
-20.11	0.847434
-20.12	0.84743
-20.13	0.847426
-20.14	0.847422
-20.15	0.847417
-20.16	0.847413
-20.17	0.847409
-20.18	0.847405
-20.19	0.8474
-20.2	0.847396
-20.21	0.847392
-20.22	0.847388
-20.23	0.847384
-20.24	0.847379
-20.25	0.847375
-20.26	0.847371
-20.27	0.847367
-20.28	0.847363
-20.29	0.847358
-20.3	0.847354
-20.31	0.84735
-20.32	0.847346
-20.33	0.847342
-20.34	0.847338
-20.35	0.847333
-20.36	0.847329
-20.37	0.847325
-20.38	0.847321
-20.39	0.847317
-20.4	0.847313
-20.41	0.847309
-20.42	0.847304
-20.43	0.8473
-20.44	0.847296
-20.45	0.847292
-20.46	0.847288
-20.47	0.847284
-20.48	0.84728
-20.49	0.847276
-20.5	0.847272
-20.51	0.847267
-20.52	0.847263
-20.53	0.847259
-20.54	0.847255
-20.55	0.847251
-20.56	0.847247
-20.57	0.847243
-20.58	0.847239
-20.59	0.847235
-20.6	0.847231
-20.61	0.847227
-20.62	0.847223
-20.63	0.847219
-20.64	0.847215
-20.65	0.847211
-20.66	0.847207
-20.67	0.847203
-20.68	0.847198
-20.69	0.847194
-20.7	0.84719
-20.71	0.847186
-20.72	0.847182
-20.73	0.847178
-20.74	0.847174
-20.75	0.84717
-20.76	0.847166
-20.77	0.847162
-20.78	0.847158
-20.79	0.847154
-20.8	0.847151
-20.81	0.847147
-20.82	0.847143
-20.83	0.847139
-20.84	0.847135
-20.85	0.847131
-20.86	0.847127
-20.87	0.847123
-20.88	0.847119
-20.89	0.847115
-20.9	0.847111
-20.91	0.847107
-20.92	0.847103
-20.93	0.847099
-20.94	0.847095
-20.95	0.847091
-20.96	0.847087
-20.97	0.847084
-20.98	0.84708
-20.99	0.847076
-21	0.847072
-21.01	0.847068
-21.02	0.847064
-21.03	0.84706
-21.04	0.847056
-21.05	0.847052
-21.06	0.847048
-21.07	0.847045
-21.08	0.847041
-21.09	0.847037
-21.1	0.847033
-21.11	0.847029
-21.12	0.847025
-21.13	0.847021
-21.14	0.847018
-21.15	0.847014
-21.16	0.84701
-21.17	0.847006
-21.18	0.847002
-21.19	0.846998
-21.2	0.846995
-21.21	0.846991
-21.22	0.846987
-21.23	0.846983
-21.24	0.846979
-21.25	0.846976
-21.26	0.846972
-21.27	0.846968
-21.28	0.846964
-21.29	0.84696
-21.3	0.846956
-21.31	0.846953
-21.32	0.846949
-21.33	0.846945
-21.34	0.846941
-21.35	0.846938
-21.36	0.846934
-21.37	0.84693
-21.38	0.846926
-21.39	0.846923
-21.4	0.846919
-21.41	0.846915
-21.42	0.846911
-21.43	0.846908
-21.44	0.846904
-21.45	0.8469
-21.46	0.846896
-21.47	0.846893
-21.48	0.846889
-21.49	0.846885
-21.5	0.846881
-21.51	0.846878
-21.52	0.846874
-21.53	0.84687
-21.54	0.846867
-21.55	0.846863
-21.56	0.846859
-21.57	0.846856
-21.58	0.846852
-21.59	0.846848
-21.6	0.846844
-21.61	0.846841
-21.62	0.846837
-21.63	0.846833
-21.64	0.84683
-21.65	0.846826
-21.66	0.846822
-21.67	0.846819
-21.68	0.846815
-21.69	0.846811
-21.7	0.846808
-21.71	0.846804
-21.72	0.8468
-21.73	0.846797
-21.74	0.846793
-21.75	0.84679
-21.76	0.846786
-21.77	0.846782
-21.78	0.846779
-21.79	0.846775
-21.8	0.846771
-21.81	0.846768
-21.82	0.846764
-21.83	0.846761
-21.84	0.846757
-21.85	0.846753
-21.86	0.84675
-21.87	0.846746
-21.88	0.846743
-21.89	0.846739
-21.9	0.846735
-21.91	0.846732
-21.92	0.846728
-21.93	0.846725
-21.94	0.846721
-21.95	0.846718
-21.96	0.846714
-21.97	0.84671
-21.98	0.846707
-21.99	0.846703
-22	0.8467
-22.01	0.846696
-22.02	0.846693
-22.03	0.846689
-22.04	0.846686
-22.05	0.846682
-22.06	0.846679
-22.07	0.846675
-22.08	0.846672
-22.09	0.846668
-22.1	0.846664
-22.11	0.846661
-22.12	0.846657
-22.13	0.846654
-22.14	0.84665
-22.15	0.846647
-22.16	0.846643
-22.17	0.84664
-22.18	0.846636
-22.19	0.846633
-22.2	0.846629
-22.21	0.846626
-22.22	0.846622
-22.23	0.846619
-22.24	0.846616
-22.25	0.846612
-22.26	0.846609
-22.27	0.846605
-22.28	0.846602
-22.29	0.846598
-22.3	0.846595
-22.31	0.846591
-22.32	0.846588
-22.33	0.846584
-22.34	0.846581
-22.35	0.846578
-22.36	0.846574
-22.37	0.846571
-22.38	0.846567
-22.39	0.846564
-22.4	0.84656
-22.41	0.846557
-22.42	0.846554
-22.43	0.84655
-22.44	0.846547
-22.45	0.846543
-22.46	0.84654
-22.47	0.846536
-22.48	0.846533
-22.49	0.84653
-22.5	0.846526
-22.51	0.846523
-22.52	0.84652
-22.53	0.846516
-22.54	0.846513
-22.55	0.846509
-22.56	0.846506
-22.57	0.846503
-22.58	0.846499
-22.59	0.846496
-22.6	0.846493
-22.61	0.846489
-22.62	0.846486
-22.63	0.846482
-22.64	0.846479
-22.65	0.846476
-22.66	0.846472
-22.67	0.846469
-22.68	0.846466
-22.69	0.846462
-22.7	0.846459
-22.71	0.846456
-22.72	0.846452
-22.73	0.846449
-22.74	0.846446
-22.75	0.846442
-22.76	0.846439
-22.77	0.846436
-22.78	0.846432
-22.79	0.846429
-22.8	0.846426
-22.81	0.846423
-22.82	0.846419
-22.83	0.846416
-22.84	0.846413
-22.85	0.846409
-22.86	0.846406
-22.87	0.846403
-22.88	0.8464
-22.89	0.846396
-22.9	0.846393
-22.91	0.84639
-22.92	0.846386
-22.93	0.846383
-22.94	0.84638
-22.95	0.846377
-22.96	0.846373
-22.97	0.84637
-22.98	0.846367
-22.99	0.846364
-23	0.84636
-23.01	0.846357
-23.02	0.846354
-23.03	0.846351
-23.04	0.846347
-23.05	0.846344
-23.06	0.846341
-23.07	0.846338
-23.08	0.846335
-23.09	0.846331
-23.1	0.846328
-23.11	0.846325
-23.12	0.846322
-23.13	0.846318
-23.14	0.846315
-23.15	0.846312
-23.16	0.846309
-23.17	0.846306
-23.18	0.846302
-23.19	0.846299
-23.2	0.846296
-23.21	0.846293
-23.22	0.84629
-23.23	0.846286
-23.24	0.846283
-23.25	0.84628
-23.26	0.846277
-23.27	0.846274
-23.28	0.846271
-23.29	0.846267
-23.3	0.846264
-23.31	0.846261
-23.32	0.846258
-23.33	0.846255
-23.34	0.846252
-23.35	0.846249
-23.36	0.846245
-23.37	0.846242
-23.38	0.846239
-23.39	0.846236
-23.4	0.846233
-23.41	0.84623
-23.42	0.846227
-23.43	0.846223
-23.44	0.84622
-23.45	0.846217
-23.46	0.846214
-23.47	0.846211
-23.48	0.846208
-23.49	0.846205
-23.5	0.846202
-23.51	0.846198
-23.52	0.846195
-23.53	0.846192
-23.54	0.846189
-23.55	0.846186
-23.56	0.846183
-23.57	0.84618
-23.58	0.846177
-23.59	0.846174
-23.6	0.846171
-23.61	0.846168
-23.62	0.846164
-23.63	0.846161
-23.64	0.846158
-23.65	0.846155
-23.66	0.846152
-23.67	0.846149
-23.68	0.846146
-23.69	0.846143
-23.7	0.84614
-23.71	0.846137
-23.72	0.846134
-23.73	0.846131
-23.74	0.846128
-23.75	0.846125
-23.76	0.846122
-23.77	0.846119
-23.78	0.846116
-23.79	0.846113
-23.8	0.84611
-23.81	0.846107
-23.82	0.846103
-23.83	0.8461
-23.84	0.846097
-23.85	0.846094
-23.86	0.846091
-23.87	0.846088
-23.88	0.846085
-23.89	0.846082
-23.9	0.846079
-23.91	0.846076
-23.92	0.846073
-23.93	0.84607
-23.94	0.846067
-23.95	0.846064
-23.96	0.846061
-23.97	0.846058
-23.98	0.846055
-23.99	0.846052
-24	0.846049
-24.01	0.846047
-24.02	0.846044
-24.03	0.846041
-24.04	0.846038
-24.05	0.846035
-24.06	0.846032
-24.07	0.846029
-24.08	0.846026
-24.09	0.846023
-24.1	0.84602
-24.11	0.846017
-24.12	0.846014
-24.13	0.846011
-24.14	0.846008
-24.15	0.846005
-24.16	0.846002
-24.17	0.845999
-24.18	0.845996
-24.19	0.845993
-24.2	0.84599
-24.21	0.845987
-24.22	0.845985
-24.23	0.845982
-24.24	0.845979
-24.25	0.845976
-24.26	0.845973
-24.27	0.84597
-24.28	0.845967
-24.29	0.845964
-24.3	0.845961
-24.31	0.845958
-24.32	0.845955
-24.33	0.845953
-24.34	0.84595
-24.35	0.845947
-24.36	0.845944
-24.37	0.845941
-24.38	0.845938
-24.39	0.845935
-24.4	0.845932
-24.41	0.845929
-24.42	0.845927
-24.43	0.845924
-24.44	0.845921
-24.45	0.845918
-24.46	0.845915
-24.47	0.845912
-24.48	0.845909
-24.49	0.845906
-24.5	0.845904
-24.51	0.845901
-24.52	0.845898
-24.53	0.845895
-24.54	0.845892
-24.55	0.845889
-24.56	0.845886
-24.57	0.845884
-24.58	0.845881
-24.59	0.845878
-24.6	0.845875
-24.61	0.845872
-24.62	0.845869
-24.63	0.845867
-24.64	0.845864
-24.65	0.845861
-24.66	0.845858
-24.67	0.845855
-24.68	0.845853
-24.69	0.84585
-24.7	0.845847
-24.71	0.845844
-24.72	0.845841
-24.73	0.845838
-24.74	0.845836
-24.75	0.845833
-24.76	0.84583
-24.77	0.845827
-24.78	0.845824
-24.79	0.845822
-24.8	0.845819
-24.81	0.845816
-24.82	0.845813
-24.83	0.845811
-24.84	0.845808
-24.85	0.845805
-24.86	0.845802
-24.87	0.845799
-24.88	0.845797
-24.89	0.845794
-24.9	0.845791
-24.91	0.845788
-24.92	0.845786
-24.93	0.845783
-24.94	0.84578
-24.95	0.845777
-24.96	0.845775
-24.97	0.845772
-24.98	0.845769
-24.99	0.845766
-25	0.845764
-25.01	0.845761
-25.02	0.845758
-25.03	0.845755
-25.04	0.845753
-25.05	0.84575
-25.06	0.845747
-25.07	0.845744
-25.08	0.845742
-25.09	0.845739
-25.1	0.845736
-25.11	0.845734
-25.12	0.845731
-25.13	0.845728
-25.14	0.845725
-25.15	0.845723
-25.16	0.84572
-25.17	0.845717
-25.18	0.845715
-25.19	0.845712
-25.2	0.845709
-25.21	0.845706
-25.22	0.845704
-25.23	0.845701
-25.24	0.845698
-25.25	0.845696
-25.26	0.845693
-25.27	0.84569
-25.28	0.845688
-25.29	0.845685
-25.3	0.845682
-25.31	0.84568
-25.32	0.845677
-25.33	0.845674
-25.34	0.845672
-25.35	0.845669
-25.36	0.845666
-25.37	0.845664
-25.38	0.845661
-25.39	0.845658
-25.4	0.845656
-25.41	0.845653
-25.42	0.84565
-25.43	0.845648
-25.44	0.845645
-25.45	0.845642
-25.46	0.84564
-25.47	0.845637
-25.48	0.845634
-25.49	0.845632
-25.5	0.845629
-25.51	0.845626
-25.52	0.845624
-25.53	0.845621
-25.54	0.845619
-25.55	0.845616
-25.56	0.845613
-25.57	0.845611
-25.58	0.845608
-25.59	0.845605
-25.6	0.845603
-25.61	0.8456
-25.62	0.845598
-25.63	0.845595
-25.64	0.845592
-25.65	0.84559
-25.66	0.845587
-25.67	0.845585
-25.68	0.845582
-25.69	0.845579
-25.7	0.845577
-25.71	0.845574
-25.72	0.845572
-25.73	0.845569
-25.74	0.845566
-25.75	0.845564
-25.76	0.845561
-25.77	0.845559
-25.78	0.845556
-25.79	0.845554
-25.8	0.845551
-25.81	0.845548
-25.82	0.845546
-25.83	0.845543
-25.84	0.845541
-25.85	0.845538
-25.86	0.845536
-25.87	0.845533
-25.88	0.84553
-25.89	0.845528
-25.9	0.845525
-25.91	0.845523
-25.92	0.84552
-25.93	0.845518
-25.94	0.845515
-25.95	0.845513
-25.96	0.84551
-25.97	0.845508
-25.98	0.845505
-25.99	0.845502
-26	0.8455
-26.01	0.845497
-26.02	0.845495
-26.03	0.845492
-26.04	0.84549
-26.05	0.845487
-26.06	0.845485
-26.07	0.845482
-26.08	0.84548
-26.09	0.845477
-26.1	0.845475
-26.11	0.845472
-26.12	0.84547
-26.13	0.845467
-26.14	0.845465
-26.15	0.845462
-26.16	0.84546
-26.17	0.845457
-26.18	0.845455
-26.19	0.845452
-26.2	0.84545
-26.21	0.845447
-26.22	0.845445
-26.23	0.845442
-26.24	0.84544
-26.25	0.845437
-26.26	0.845435
-26.27	0.845432
-26.28	0.84543
-26.29	0.845427
-26.3	0.845425
-26.31	0.845422
-26.32	0.84542
-26.33	0.845417
-26.34	0.845415
-26.35	0.845412
-26.36	0.84541
-26.37	0.845407
-26.38	0.845405
-26.39	0.845402
-26.4	0.8454
-26.41	0.845398
-26.42	0.845395
-26.43	0.845393
-26.44	0.84539
-26.45	0.845388
-26.46	0.845385
-26.47	0.845383
-26.48	0.84538
-26.49	0.845378
-26.5	0.845376
-26.51	0.845373
-26.52	0.845371
-26.53	0.845368
-26.54	0.845366
-26.55	0.845363
-26.56	0.845361
-26.57	0.845358
-26.58	0.845356
-26.59	0.845354
-26.6	0.845351
-26.61	0.845349
-26.62	0.845346
-26.63	0.845344
-26.64	0.845342
-26.65	0.845339
-26.66	0.845337
-26.67	0.845334
-26.68	0.845332
-26.69	0.84533
-26.7	0.845327
-26.71	0.845325
-26.72	0.845322
-26.73	0.84532
-26.74	0.845317
-26.75	0.845315
-26.76	0.845313
-26.77	0.84531
-26.78	0.845308
-26.79	0.845306
-26.8	0.845303
-26.81	0.845301
-26.82	0.845298
-26.83	0.845296
-26.84	0.845294
-26.85	0.845291
-26.86	0.845289
-26.87	0.845286
-26.88	0.845284
-26.89	0.845282
-26.9	0.845279
-26.91	0.845277
-26.92	0.845275
-26.93	0.845272
-26.94	0.84527
-26.95	0.845268
-26.96	0.845265
-26.97	0.845263
-26.98	0.845261
-26.99	0.845258
-27	0.845256
-27.01	0.845253
-27.02	0.845251
-27.03	0.845249
-27.04	0.845246
-27.05	0.845244
-27.06	0.845242
-27.07	0.845239
-27.08	0.845237
-27.09	0.845235
-27.1	0.845232
-27.11	0.84523
-27.12	0.845228
-27.13	0.845225
-27.14	0.845223
-27.15	0.845221
-27.16	0.845218
-27.17	0.845216
-27.18	0.845214
-27.19	0.845212
-27.2	0.845209
-27.21	0.845207
-27.22	0.845205
-27.23	0.845202
-27.24	0.8452
-27.25	0.845198
-27.26	0.845195
-27.27	0.845193
-27.28	0.845191
-27.29	0.845188
-27.3	0.845186
-27.31	0.845184
-27.32	0.845182
-27.33	0.845179
-27.34	0.845177
-27.35	0.845175
-27.36	0.845172
-27.37	0.84517
-27.38	0.845168
-27.39	0.845165
-27.4	0.845163
-27.41	0.845161
-27.42	0.845159
-27.43	0.845156
-27.44	0.845154
-27.45	0.845152
-27.46	0.84515
-27.47	0.845147
-27.48	0.845145
-27.49	0.845143
-27.5	0.84514
-27.51	0.845138
-27.52	0.845136
-27.53	0.845134
-27.54	0.845131
-27.55	0.845129
-27.56	0.845127
-27.57	0.845125
-27.58	0.845122
-27.59	0.84512
-27.6	0.845118
-27.61	0.845116
-27.62	0.845113
-27.63	0.845111
-27.64	0.845109
-27.65	0.845107
-27.66	0.845104
-27.67	0.845102
-27.68	0.8451
-27.69	0.845098
-27.7	0.845096
-27.71	0.845093
-27.72	0.845091
-27.73	0.845089
-27.74	0.845087
-27.75	0.845084
-27.76	0.845082
-27.77	0.84508
-27.78	0.845078
-27.79	0.845075
-27.8	0.845073
-27.81	0.845071
-27.82	0.845069
-27.83	0.845067
-27.84	0.845064
-27.85	0.845062
-27.86	0.84506
-27.87	0.845058
-27.88	0.845056
-27.89	0.845053
-27.9	0.845051
-27.91	0.845049
-27.92	0.845047
-27.93	0.845045
-27.94	0.845042
-27.95	0.84504
-27.96	0.845038
-27.97	0.845036
-27.98	0.845034
-27.99	0.845031
-28	0.845029
-28.01	0.845027
-28.02	0.845025
-28.03	0.845023
-28.04	0.845021
-28.05	0.845018
-28.06	0.845016
-28.07	0.845014
-28.08	0.845012
-28.09	0.84501
-28.1	0.845008
-28.11	0.845005
-28.12	0.845003
-28.13	0.845001
-28.14	0.844999
-28.15	0.844997
-28.16	0.844995
-28.17	0.844992
-28.18	0.84499
-28.19	0.844988
-28.2	0.844986
-28.21	0.844984
-28.22	0.844982
-28.23	0.844979
-28.24	0.844977
-28.25	0.844975
-28.26	0.844973
-28.27	0.844971
-28.28	0.844969
-28.29	0.844967
-28.3	0.844964
-28.31	0.844962
-28.32	0.84496
-28.33	0.844958
-28.34	0.844956
-28.35	0.844954
-28.36	0.844952
-28.37	0.84495
-28.38	0.844947
-28.39	0.844945
-28.4	0.844943
-28.41	0.844941
-28.42	0.844939
-28.43	0.844937
-28.44	0.844935
-28.45	0.844933
-28.46	0.84493
-28.47	0.844928
-28.48	0.844926
-28.49	0.844924
-28.5	0.844922
-28.51	0.84492
-28.52	0.844918
-28.53	0.844916
-28.54	0.844914
-28.55	0.844912
-28.56	0.844909
-28.57	0.844907
-28.58	0.844905
-28.59	0.844903
-28.6	0.844901
-28.61	0.844899
-28.62	0.844897
-28.63	0.844895
-28.64	0.844893
-28.65	0.844891
-28.66	0.844889
-28.67	0.844886
-28.68	0.844884
-28.69	0.844882
-28.7	0.84488
-28.71	0.844878
-28.72	0.844876
-28.73	0.844874
-28.74	0.844872
-28.75	0.84487
-28.76	0.844868
-28.77	0.844866
-28.78	0.844864
-28.79	0.844862
-28.8	0.844859
-28.81	0.844857
-28.82	0.844855
-28.83	0.844853
-28.84	0.844851
-28.85	0.844849
-28.86	0.844847
-28.87	0.844845
-28.88	0.844843
-28.89	0.844841
-28.9	0.844839
-28.91	0.844837
-28.92	0.844835
-28.93	0.844833
-28.94	0.844831
-28.95	0.844829
-28.96	0.844827
-28.97	0.844825
-28.98	0.844823
-28.99	0.84482
-29	0.844818
-29.01	0.844816
-29.02	0.844814
-29.03	0.844812
-29.04	0.84481
-29.05	0.844808
-29.06	0.844806
-29.07	0.844804
-29.08	0.844802
-29.09	0.8448
-29.1	0.844798
-29.11	0.844796
-29.12	0.844794
-29.13	0.844792
-29.14	0.84479
-29.15	0.844788
-29.16	0.844786
-29.17	0.844784
-29.18	0.844782
-29.19	0.84478
-29.2	0.844778
-29.21	0.844776
-29.22	0.844774
-29.23	0.844772
-29.24	0.84477
-29.25	0.844768
-29.26	0.844766
-29.27	0.844764
-29.28	0.844762
-29.29	0.84476
-29.3	0.844758
-29.31	0.844756
-29.32	0.844754
-29.33	0.844752
-29.34	0.84475
-29.35	0.844748
-29.36	0.844746
-29.37	0.844744
-29.38	0.844742
-29.39	0.84474
-29.4	0.844738
-29.41	0.844736
-29.42	0.844734
-29.43	0.844732
-29.44	0.84473
-29.45	0.844728
-29.46	0.844726
-29.47	0.844724
-29.48	0.844722
-29.49	0.84472
-29.5	0.844718
-29.51	0.844716
-29.52	0.844715
-29.53	0.844713
-29.54	0.844711
-29.55	0.844709
-29.56	0.844707
-29.57	0.844705
-29.58	0.844703
-29.59	0.844701
-29.6	0.844699
-29.61	0.844697
-29.62	0.844695
-29.63	0.844693
-29.64	0.844691
-29.65	0.844689
-29.66	0.844687
-29.67	0.844685
-29.68	0.844683
-29.69	0.844681
-29.7	0.844679
-29.71	0.844677
-29.72	0.844676
-29.73	0.844674
-29.74	0.844672
-29.75	0.84467
-29.76	0.844668
-29.77	0.844666
-29.78	0.844664
-29.79	0.844662
-29.8	0.84466
-29.81	0.844658
-29.82	0.844656
-29.83	0.844654
-29.84	0.844652
-29.85	0.84465
-29.86	0.844649
-29.87	0.844647
-29.88	0.844645
-29.89	0.844643
-29.9	0.844641
-29.91	0.844639
-29.92	0.844637
-29.93	0.844635
-29.94	0.844633
-29.95	0.844631
-29.96	0.844629
-29.97	0.844627
-29.98	0.844626
-29.99	0.844624
-30	0.844622