x	y
30	3.77286
29.99	3.77288
29.98	3.7729
29.97	3.77293
29.96	3.77295
29.95	3.77297
29.94	3.77299
29.93	3.77301
29.92	3.77304
29.91	3.77306
29.9	3.77308
29.89	3.7731
29.88	3.77312
29.87	3.77315
29.86	3.77317
29.85	3.77319
29.84	3.77321
29.83	3.77324
29.82	3.77326
29.81	3.77328
29.8	3.7733
29.79	3.77332
29.78	3.77335
29.77	3.77337
29.76	3.77339
29.75	3.77341
29.74	3.77344
29.73	3.77346
29.72	3.77348
29.71	3.7735
29.7	3.77353
29.69	3.77355
29.68	3.77357
29.67	3.77359
29.66	3.77362
29.65	3.77364
29.64	3.77366
29.63	3.77368
29.62	3.77371
29.61	3.77373
29.6	3.77375
29.59	3.77377
29.58	3.7738
29.57	3.77382
29.56	3.77384
29.55	3.77386
29.54	3.77389
29.53	3.77391
29.52	3.77393
29.51	3.77395
29.5	3.77398
29.49	3.774
29.48	3.77402
29.47	3.77405
29.46	3.77407
29.45	3.77409
29.44	3.77411
29.43	3.77414
29.42	3.77416
29.41	3.77418
29.4	3.7742
29.39	3.77423
29.38	3.77425
29.37	3.77427
29.36	3.7743
29.35	3.77432
29.34	3.77434
29.33	3.77437
29.32	3.77439
29.31	3.77441
29.3	3.77443
29.29	3.77446
29.28	3.77448
29.27	3.7745
29.26	3.77453
29.25	3.77455
29.24	3.77457
29.23	3.7746
29.22	3.77462
29.21	3.77464
29.2	3.77467
29.19	3.77469
29.18	3.77471
29.17	3.77474
29.16	3.77476
29.15	3.77478
29.14	3.77481
29.13	3.77483
29.12	3.77485
29.11	3.77488
29.1	3.7749
29.09	3.77492
29.08	3.77495
29.07	3.77497
29.06	3.77499
29.05	3.77502
29.04	3.77504
29.03	3.77506
29.02	3.77509
29.01	3.77511
29	3.77513
28.99	3.77516
28.98	3.77518
28.97	3.7752
28.96	3.77523
28.95	3.77525
28.94	3.77527
28.93	3.7753
28.92	3.77532
28.91	3.77535
28.9	3.77537
28.89	3.77539
28.88	3.77542
28.87	3.77544
28.86	3.77546
28.85	3.77549
28.84	3.77551
28.83	3.77554
28.82	3.77556
28.81	3.77558
28.8	3.77561
28.79	3.77563
28.78	3.77565
28.77	3.77568
28.76	3.7757
28.75	3.77573
28.74	3.77575
28.73	3.77577
28.72	3.7758
28.71	3.77582
28.7	3.77585
28.69	3.77587
28.68	3.77589
28.67	3.77592
28.66	3.77594
28.65	3.77597
28.64	3.77599
28.63	3.77601
28.62	3.77604
28.61	3.77606
28.6	3.77609
28.59	3.77611
28.58	3.77614
28.57	3.77616
28.56	3.77618
28.55	3.77621
28.54	3.77623
28.53	3.77626
28.52	3.77628
28.51	3.77631
28.5	3.77633
28.49	3.77635
28.48	3.77638
28.47	3.7764
28.46	3.77643
28.45	3.77645
28.44	3.77648
28.43	3.7765
28.42	3.77653
28.41	3.77655
28.4	3.77657
28.39	3.7766
28.38	3.77662
28.37	3.77665
28.36	3.77667
28.35	3.7767
28.34	3.77672
28.33	3.77675
28.32	3.77677
28.31	3.7768
28.3	3.77682
28.29	3.77685
28.28	3.77687
28.27	3.77689
28.26	3.77692
28.25	3.77694
28.24	3.77697
28.23	3.77699
28.22	3.77702
28.21	3.77704
28.2	3.77707
28.19	3.77709
28.18	3.77712
28.17	3.77714
28.16	3.77717
28.15	3.77719
28.14	3.77722
28.13	3.77724
28.12	3.77727
28.11	3.77729
28.1	3.77732
28.09	3.77734
28.08	3.77737
28.07	3.77739
28.06	3.77742
28.05	3.77744
28.04	3.77747
28.03	3.77749
28.02	3.77752
28.01	3.77754
28	3.77757
27.99	3.7776
27.98	3.77762
27.97	3.77765
27.96	3.77767
27.95	3.7777
27.94	3.77772
27.93	3.77775
27.92	3.77777
27.91	3.7778
27.9	3.77782
27.89	3.77785
27.88	3.77787
27.87	3.7779
27.86	3.77793
27.85	3.77795
27.84	3.77798
27.83	3.778
27.82	3.77803
27.81	3.77805
27.8	3.77808
27.79	3.7781
27.78	3.77813
27.77	3.77816
27.76	3.77818
27.75	3.77821
27.74	3.77823
27.73	3.77826
27.72	3.77828
27.71	3.77831
27.7	3.77834
27.69	3.77836
27.68	3.77839
27.67	3.77841
27.66	3.77844
27.65	3.77847
27.64	3.77849
27.63	3.77852
27.62	3.77854
27.61	3.77857
27.6	3.7786
27.59	3.77862
27.58	3.77865
27.57	3.77867
27.56	3.7787
27.55	3.77873
27.54	3.77875
27.53	3.77878
27.52	3.7788
27.51	3.77883
27.5	3.77886
27.49	3.77888
27.48	3.77891
27.47	3.77893
27.46	3.77896
27.45	3.77899
27.44	3.77901
27.43	3.77904
27.42	3.77907
27.41	3.77909
27.4	3.77912
27.39	3.77915
27.38	3.77917
27.37	3.7792
27.36	3.77922
27.35	3.77925
27.34	3.77928
27.33	3.7793
27.32	3.77933
27.31	3.77936
27.3	3.77938
27.29	3.77941
27.28	3.77944
27.27	3.77946
27.26	3.77949
27.25	3.77952
27.24	3.77954
27.23	3.77957
27.22	3.7796
27.21	3.77962
27.2	3.77965
27.19	3.77968
27.18	3.7797
27.17	3.77973
27.16	3.77976
27.15	3.77979
27.14	3.77981
27.13	3.77984
27.12	3.77987
27.11	3.77989
27.1	3.77992
27.09	3.77995
27.08	3.77997
27.07	3.78
27.06	3.78003
27.05	3.78006
27.04	3.78008
27.03	3.78011
27.02	3.78014
27.01	3.78016
27	3.78019
26.99	3.78022
26.98	3.78025
26.97	3.78027
26.96	3.7803
26.95	3.78033
26.94	3.78035
26.93	3.78038
26.92	3.78041
26.91	3.78044
26.9	3.78046
26.89	3.78049
26.88	3.78052
26.87	3.78055
26.86	3.78057
26.85	3.7806
26.84	3.78063
26.83	3.78066
26.82	3.78068
26.81	3.78071
26.8	3.78074
26.79	3.78077
26.78	3.78079
26.77	3.78082
26.76	3.78085
26.75	3.78088
26.74	3.7809
26.73	3.78093
26.72	3.78096
26.71	3.78099
26.7	3.78102
26.69	3.78104
26.68	3.78107
26.67	3.7811
26.66	3.78113
26.65	3.78116
26.64	3.78118
26.63	3.78121
26.62	3.78124
26.61	3.78127
26.6	3.7813
26.59	3.78132
26.58	3.78135
26.57	3.78138
26.56	3.78141
26.55	3.78144
26.54	3.78146
26.53	3.78149
26.52	3.78152
26.51	3.78155
26.5	3.78158
26.49	3.7816
26.48	3.78163
26.47	3.78166
26.46	3.78169
26.45	3.78172
26.44	3.78175
26.43	3.78177
26.42	3.7818
26.41	3.78183
26.4	3.78186
26.39	3.78189
26.38	3.78192
26.37	3.78195
26.36	3.78197
26.35	3.782
26.34	3.78203
26.33	3.78206
26.32	3.78209
26.31	3.78212
26.3	3.78215
26.29	3.78217
26.28	3.7822
26.27	3.78223
26.26	3.78226
26.25	3.78229
26.24	3.78232
26.23	3.78235
26.22	3.78238
26.21	3.7824
26.2	3.78243
26.19	3.78246
26.18	3.78249
26.17	3.78252
26.16	3.78255
26.15	3.78258
26.14	3.78261
26.13	3.78264
26.12	3.78267
26.11	3.78269
26.1	3.78272
26.09	3.78275
26.08	3.78278
26.07	3.78281
26.06	3.78284
26.05	3.78287
26.04	3.7829
26.03	3.78293
26.02	3.78296
26.01	3.78299
26	3.78302
25.99	3.78305
25.98	3.78308
25.97	3.7831
25.96	3.78313
25.95	3.78316
25.94	3.78319
25.93	3.78322
25.92	3.78325
25.91	3.78328
25.9	3.78331
25.89	3.78334
25.88	3.78337
25.87	3.7834
25.86	3.78343
25.85	3.78346
25.84	3.78349
25.83	3.78352
25.82	3.78355
25.81	3.78358
25.8	3.78361
25.79	3.78364
25.78	3.78367
25.77	3.7837
25.76	3.78373
25.75	3.78376
25.74	3.78379
25.73	3.78382
25.72	3.78385
25.71	3.78388
25.7	3.78391
25.69	3.78394
25.68	3.78397
25.67	3.784
25.66	3.78403
25.65	3.78406
25.64	3.78409
25.63	3.78412
25.62	3.78415
25.61	3.78418
25.6	3.78421
25.59	3.78424
25.58	3.78427
25.57	3.7843
25.56	3.78433
25.55	3.78436
25.54	3.78439
25.53	3.78442
25.52	3.78445
25.51	3.78448
25.5	3.78451
25.49	3.78454
25.48	3.78457
25.47	3.78461
25.46	3.78464
25.45	3.78467
25.44	3.7847
25.43	3.78473
25.42	3.78476
25.41	3.78479
25.4	3.78482
25.39	3.78485
25.38	3.78488
25.37	3.78491
25.36	3.78494
25.35	3.78497
25.34	3.78501
25.33	3.78504
25.32	3.78507
25.31	3.7851
25.3	3.78513
25.29	3.78516
25.28	3.78519
25.27	3.78522
25.26	3.78525
25.25	3.78528
25.24	3.78532
25.23	3.78535
25.22	3.78538
25.21	3.78541
25.2	3.78544
25.19	3.78547
25.18	3.7855
25.17	3.78554
25.16	3.78557
25.15	3.7856
25.14	3.78563
25.13	3.78566
25.12	3.78569
25.11	3.78572
25.1	3.78576
25.09	3.78579
25.08	3.78582
25.07	3.78585
25.06	3.78588
25.05	3.78591
25.04	3.78594
25.03	3.78598
25.02	3.78601
25.01	3.78604
25	3.78607
24.99	3.7861
24.98	3.78614
24.97	3.78617
24.96	3.7862
24.95	3.78623
24.94	3.78626
24.93	3.7863
24.92	3.78633
24.91	3.78636
24.9	3.78639
24.89	3.78642
24.88	3.78646
24.87	3.78649
24.86	3.78652
24.85	3.78655
24.84	3.78658
24.83	3.78662
24.82	3.78665
24.81	3.78668
24.8	3.78671
24.79	3.78675
24.78	3.78678
24.77	3.78681
24.76	3.78684
24.75	3.78688
24.74	3.78691
24.73	3.78694
24.72	3.78697
24.71	3.78701
24.7	3.78704
24.69	3.78707
24.68	3.7871
24.67	3.78714
24.66	3.78717
24.65	3.7872
24.64	3.78723
24.63	3.78727
24.62	3.7873
24.61	3.78733
24.6	3.78736
24.59	3.7874
24.58	3.78743
24.57	3.78746
24.56	3.7875
24.55	3.78753
24.54	3.78756
24.53	3.7876
24.52	3.78763
24.51	3.78766
24.5	3.7877
24.49	3.78773
24.48	3.78776
24.47	3.78779
24.46	3.78783
24.45	3.78786
24.44	3.78789
24.43	3.78793
24.42	3.78796
24.41	3.78799
24.4	3.78803
24.39	3.78806
24.38	3.78809
24.37	3.78813
24.36	3.78816
24.35	3.7882
24.34	3.78823
24.33	3.78826
24.32	3.7883
24.31	3.78833
24.3	3.78836
24.29	3.7884
24.28	3.78843
24.27	3.78846
24.26	3.7885
24.25	3.78853
24.24	3.78857
24.23	3.7886
24.22	3.78863
24.21	3.78867
24.2	3.7887
24.19	3.78874
24.18	3.78877
24.17	3.7888
24.16	3.78884
24.15	3.78887
24.14	3.78891
24.13	3.78894
24.12	3.78897
24.11	3.78901
24.1	3.78904
24.09	3.78908
24.08	3.78911
24.07	3.78915
24.06	3.78918
24.05	3.78921
24.04	3.78925
24.03	3.78928
24.02	3.78932
24.01	3.78935
24	3.78939
23.99	3.78942
23.98	3.78946
23.97	3.78949
23.96	3.78953
23.95	3.78956
23.94	3.78959
23.93	3.78963
23.92	3.78966
23.91	3.7897
23.9	3.78973
23.89	3.78977
23.88	3.7898
23.87	3.78984
23.86	3.78987
23.85	3.78991
23.84	3.78994
23.83	3.78998
23.82	3.79001
23.81	3.79005
23.8	3.79008
23.79	3.79012
23.78	3.79015
23.77	3.79019
23.76	3.79022
23.75	3.79026
23.74	3.7903
23.73	3.79033
23.72	3.79037
23.71	3.7904
23.7	3.79044
23.69	3.79047
23.68	3.79051
23.67	3.79054
23.66	3.79058
23.65	3.79061
23.64	3.79065
23.63	3.79069
23.62	3.79072
23.61	3.79076
23.6	3.79079
23.59	3.79083
23.58	3.79086
23.57	3.7909
23.56	3.79094
23.55	3.79097
23.54	3.79101
23.53	3.79104
23.52	3.79108
23.51	3.79112
23.5	3.79115
23.49	3.79119
23.48	3.79122
23.47	3.79126
23.46	3.7913
23.45	3.79133
23.44	3.79137
23.43	3.79141
23.42	3.79144
23.41	3.79148
23.4	3.79151
23.39	3.79155
23.38	3.79159
23.37	3.79162
23.36	3.79166
23.35	3.7917
23.34	3.79173
23.33	3.79177
23.32	3.79181
23.31	3.79184
23.3	3.79188
23.29	3.79192
23.28	3.79195
23.27	3.79199
23.26	3.79203
23.25	3.79206
23.24	3.7921
23.23	3.79214
23.22	3.79217
23.21	3.79221
23.2	3.79225
23.19	3.79229
23.18	3.79232
23.17	3.79236
23.16	3.7924
23.15	3.79243
23.14	3.79247
23.13	3.79251
23.12	3.79255
23.11	3.79258
23.1	3.79262
23.09	3.79266
23.08	3.7927
23.07	3.79273
23.06	3.79277
23.05	3.79281
23.04	3.79285
23.03	3.79288
23.02	3.79292
23.01	3.79296
23	3.793
22.99	3.79303
22.98	3.79307
22.97	3.79311
22.96	3.79315
22.95	3.79318
22.94	3.79322
22.93	3.79326
22.92	3.7933
22.91	3.79334
22.9	3.79337
22.89	3.79341
22.88	3.79345
22.87	3.79349
22.86	3.79353
22.85	3.79356
22.84	3.7936
22.83	3.79364
22.82	3.79368
22.81	3.79372
22.8	3.79376
22.79	3.79379
22.78	3.79383
22.77	3.79387
22.76	3.79391
22.75	3.79395
22.74	3.79399
22.73	3.79403
22.72	3.79406
22.71	3.7941
22.7	3.79414
22.69	3.79418
22.68	3.79422
22.67	3.79426
22.66	3.7943
22.65	3.79434
22.64	3.79437
22.63	3.79441
22.62	3.79445
22.61	3.79449
22.6	3.79453
22.59	3.79457
22.58	3.79461
22.57	3.79465
22.56	3.79469
22.55	3.79473
22.54	3.79477
22.53	3.7948
22.52	3.79484
22.51	3.79488
22.5	3.79492
22.49	3.79496
22.48	3.795
22.47	3.79504
22.46	3.79508
22.45	3.79512
22.44	3.79516
22.43	3.7952
22.42	3.79524
22.41	3.79528
22.4	3.79532
22.39	3.79536
22.38	3.7954
22.37	3.79544
22.36	3.79548
22.35	3.79552
22.34	3.79556
22.33	3.7956
22.32	3.79564
22.31	3.79568
22.3	3.79572
22.29	3.79576
22.28	3.7958
22.27	3.79584
22.26	3.79588
22.25	3.79592
22.24	3.79596
22.23	3.796
22.22	3.79604
22.21	3.79608
22.2	3.79612
22.19	3.79616
22.18	3.7962
22.17	3.79624
22.16	3.79628
22.15	3.79632
22.14	3.79637
22.13	3.79641
22.12	3.79645
22.11	3.79649
22.1	3.79653
22.09	3.79657
22.08	3.79661
22.07	3.79665
22.06	3.79669
22.05	3.79673
22.04	3.79677
22.03	3.79682
22.02	3.79686
22.01	3.7969
22	3.79694
21.99	3.79698
21.98	3.79702
21.97	3.79706
21.96	3.7971
21.95	3.79715
21.94	3.79719
21.93	3.79723
21.92	3.79727
21.91	3.79731
21.9	3.79735
21.89	3.7974
21.88	3.79744
21.87	3.79748
21.86	3.79752
21.85	3.79756
21.84	3.7976
21.83	3.79765
21.82	3.79769
21.81	3.79773
21.8	3.79777
21.79	3.79781
21.78	3.79786
21.77	3.7979
21.76	3.79794
21.75	3.79798
21.74	3.79803
21.73	3.79807
21.72	3.79811
21.71	3.79815
21.7	3.79819
21.69	3.79824
21.68	3.79828
21.67	3.79832
21.66	3.79836
21.65	3.79841
21.64	3.79845
21.63	3.79849
21.62	3.79854
21.61	3.79858
21.6	3.79862
21.59	3.79866
21.58	3.79871
21.57	3.79875
21.56	3.79879
21.55	3.79884
21.54	3.79888
21.53	3.79892
21.52	3.79896
21.51	3.79901
21.5	3.79905
21.49	3.79909
21.48	3.79914
21.47	3.79918
21.46	3.79922
21.45	3.79927
21.44	3.79931
21.43	3.79936
21.42	3.7994
21.41	3.79944
21.4	3.79949
21.39	3.79953
21.38	3.79957
21.37	3.79962
21.36	3.79966
21.35	3.7997
21.34	3.79975
21.33	3.79979
21.32	3.79984
21.31	3.79988
21.3	3.79992
21.29	3.79997
21.28	3.80001
21.27	3.80006
21.26	3.8001
21.25	3.80015
21.24	3.80019
21.23	3.80023
21.22	3.80028
21.21	3.80032
21.2	3.80037
21.19	3.80041
21.18	3.80046
21.17	3.8005
21.16	3.80055
21.15	3.80059
21.14	3.80064
21.13	3.80068
21.12	3.80072
21.11	3.80077
21.1	3.80081
21.09	3.80086
21.08	3.8009
21.07	3.80095
21.06	3.80099
21.05	3.80104
21.04	3.80108
21.03	3.80113
21.02	3.80118
21.01	3.80122
21	3.80127
20.99	3.80131
20.98	3.80136
20.97	3.8014
20.96	3.80145
20.95	3.80149
20.94	3.80154
20.93	3.80158
20.92	3.80163
20.91	3.80168
20.9	3.80172
20.89	3.80177
20.88	3.80181
20.87	3.80186
20.86	3.80191
20.85	3.80195
20.84	3.802
20.83	3.80204
20.82	3.80209
20.81	3.80214
20.8	3.80218
20.79	3.80223
20.78	3.80227
20.77	3.80232
20.76	3.80237
20.75	3.80241
20.74	3.80246
20.73	3.80251
20.72	3.80255
20.71	3.8026
20.7	3.80265
20.69	3.80269
20.68	3.80274
20.67	3.80279
20.66	3.80283
20.65	3.80288
20.64	3.80293
20.63	3.80298
20.62	3.80302
20.61	3.80307
20.6	3.80312
20.59	3.80316
20.58	3.80321
20.57	3.80326
20.56	3.80331
20.55	3.80335
20.54	3.8034
20.53	3.80345
20.52	3.8035
20.51	3.80354
20.5	3.80359
20.49	3.80364
20.48	3.80369
20.47	3.80373
20.46	3.80378
20.45	3.80383
20.44	3.80388
20.43	3.80393
20.42	3.80397
20.41	3.80402
20.4	3.80407
20.39	3.80412
20.38	3.80417
20.37	3.80421
20.36	3.80426
20.35	3.80431
20.34	3.80436
20.33	3.80441
20.32	3.80446
20.31	3.80451
20.3	3.80455
20.29	3.8046
20.28	3.80465
20.27	3.8047
20.26	3.80475
20.25	3.8048
20.24	3.80485
20.23	3.8049
20.22	3.80494
20.21	3.80499
20.2	3.80504
20.19	3.80509
20.18	3.80514
20.17	3.80519
20.16	3.80524
20.15	3.80529
20.14	3.80534
20.13	3.80539
20.12	3.80544
20.11	3.80549
20.1	3.80554
20.09	3.80559
20.08	3.80564
20.07	3.80569
20.06	3.80574
20.05	3.80579
20.04	3.80584
20.03	3.80588
20.02	3.80593
20.01	3.80598
20	3.80604
19.99	3.80609
19.98	3.80614
19.97	3.80619
19.96	3.80624
19.95	3.80629
19.94	3.80634
19.93	3.80639
19.92	3.80644
19.91	3.80649
19.9	3.80654
19.89	3.80659
19.88	3.80664
19.87	3.80669
19.86	3.80674
19.85	3.80679
19.84	3.80684
19.83	3.80689
19.82	3.80695
19.81	3.807
19.8	3.80705
19.79	3.8071
19.78	3.80715
19.77	3.8072
19.76	3.80725
19.75	3.8073
19.74	3.80736
19.73	3.80741
19.72	3.80746
19.71	3.80751
19.7	3.80756
19.69	3.80761
19.68	3.80767
19.67	3.80772
19.66	3.80777
19.65	3.80782
19.64	3.80787
19.63	3.80793
19.62	3.80798
19.61	3.80803
19.6	3.80808
19.59	3.80813
19.58	3.80819
19.57	3.80824
19.56	3.80829
19.55	3.80834
19.54	3.8084
19.53	3.80845
19.52	3.8085
19.51	3.80855
19.5	3.80861
19.49	3.80866
19.48	3.80871
19.47	3.80877
19.46	3.80882
19.45	3.80887
19.44	3.80892
19.43	3.80898
19.42	3.80903
19.41	3.80908
19.4	3.80914
19.39	3.80919
19.38	3.80924
19.37	3.8093
19.36	3.80935
19.35	3.80941
19.34	3.80946
19.33	3.80951
19.32	3.80957
19.31	3.80962
19.3	3.80967
19.29	3.80973
19.28	3.80978
19.27	3.80984
19.26	3.80989
19.25	3.80994
19.24	3.81
19.23	3.81005
19.22	3.81011
19.21	3.81016
19.2	3.81022
19.19	3.81027
19.18	3.81033
19.17	3.81038
19.16	3.81043
19.15	3.81049
19.14	3.81054
19.13	3.8106
19.12	3.81065
19.11	3.81071
19.1	3.81076
19.09	3.81082
19.08	3.81087
19.07	3.81093
19.06	3.81098
19.05	3.81104
19.04	3.8111
19.03	3.81115
19.02	3.81121
19.01	3.81126
19	3.81132
18.99	3.81137
18.98	3.81143
18.97	3.81149
18.96	3.81154
18.95	3.8116
18.94	3.81165
18.93	3.81171
18.92	3.81177
18.91	3.81182
18.9	3.81188
18.89	3.81193
18.88	3.81199
18.87	3.81205
18.86	3.8121
18.85	3.81216
18.84	3.81222
18.83	3.81227
18.82	3.81233
18.81	3.81239
18.8	3.81244
18.79	3.8125
18.78	3.81256
18.77	3.81261
18.76	3.81267
18.75	3.81273
18.74	3.81279
18.73	3.81284
18.72	3.8129
18.71	3.81296
18.7	3.81302
18.69	3.81307
18.68	3.81313
18.67	3.81319
18.66	3.81325
18.65	3.8133
18.64	3.81336
18.63	3.81342
18.62	3.81348
18.61	3.81354
18.6	3.81359
18.59	3.81365
18.58	3.81371
18.57	3.81377
18.56	3.81383
18.55	3.81389
18.54	3.81394
18.53	3.814
18.52	3.81406
18.51	3.81412
18.5	3.81418
18.49	3.81424
18.48	3.8143
18.47	3.81436
18.46	3.81441
18.45	3.81447
18.44	3.81453
18.43	3.81459
18.42	3.81465
18.41	3.81471
18.4	3.81477
18.39	3.81483
18.38	3.81489
18.37	3.81495
18.36	3.81501
18.35	3.81507
18.34	3.81513
18.33	3.81519
18.32	3.81525
18.31	3.81531
18.3	3.81537
18.29	3.81543
18.28	3.81549
18.27	3.81555
18.26	3.81561
18.25	3.81567
18.24	3.81573
18.23	3.81579
18.22	3.81585
18.21	3.81591
18.2	3.81597
18.19	3.81603
18.18	3.81609
18.17	3.81615
18.16	3.81622
18.15	3.81628
18.14	3.81634
18.13	3.8164
18.12	3.81646
18.11	3.81652
18.1	3.81658
18.09	3.81665
18.08	3.81671
18.07	3.81677
18.06	3.81683
18.05	3.81689
18.04	3.81695
18.03	3.81702
18.02	3.81708
18.01	3.81714
18	3.8172
17.99	3.81726
17.98	3.81733
17.97	3.81739
17.96	3.81745
17.95	3.81751
17.94	3.81758
17.93	3.81764
17.92	3.8177
17.91	3.81776
17.9	3.81783
17.89	3.81789
17.88	3.81795
17.87	3.81802
17.86	3.81808
17.85	3.81814
17.84	3.81821
17.83	3.81827
17.82	3.81833
17.81	3.8184
17.8	3.81846
17.79	3.81852
17.78	3.81859
17.77	3.81865
17.76	3.81872
17.75	3.81878
17.74	3.81884
17.73	3.81891
17.72	3.81897
17.71	3.81904
17.7	3.8191
17.69	3.81916
17.68	3.81923
17.67	3.81929
17.66	3.81936
17.65	3.81942
17.64	3.81949
17.63	3.81955
17.62	3.81962
17.61	3.81968
17.6	3.81975
17.59	3.81981
17.58	3.81988
17.57	3.81994
17.56	3.82001
17.55	3.82007
17.54	3.82014
17.53	3.82021
17.52	3.82027
17.51	3.82034
17.5	3.8204
17.49	3.82047
17.48	3.82053
17.47	3.8206
17.46	3.82067
17.45	3.82073
17.44	3.8208
17.43	3.82087
17.42	3.82093
17.41	3.821
17.4	3.82107
17.39	3.82113
17.38	3.8212
17.37	3.82127
17.36	3.82133
17.35	3.8214
17.34	3.82147
17.33	3.82153
17.32	3.8216
17.31	3.82167
17.3	3.82174
17.29	3.8218
17.28	3.82187
17.27	3.82194
17.26	3.82201
17.25	3.82207
17.24	3.82214
17.23	3.82221
17.22	3.82228
17.21	3.82235
17.2	3.82241
17.19	3.82248
17.18	3.82255
17.17	3.82262
17.16	3.82269
17.15	3.82276
17.14	3.82283
17.13	3.82289
17.12	3.82296
17.11	3.82303
17.1	3.8231
17.09	3.82317
17.08	3.82324
17.07	3.82331
17.06	3.82338
17.05	3.82345
17.04	3.82352
17.03	3.82359
17.02	3.82366
17.01	3.82373
17	3.8238
16.99	3.82387
16.98	3.82394
16.97	3.82401
16.96	3.82408
16.95	3.82415
16.94	3.82422
16.93	3.82429
16.92	3.82436
16.91	3.82443
16.9	3.8245
16.89	3.82457
16.88	3.82464
16.87	3.82471
16.86	3.82478
16.85	3.82486
16.84	3.82493
16.83	3.825
16.82	3.82507
16.81	3.82514
16.8	3.82521
16.79	3.82528
16.78	3.82536
16.77	3.82543
16.76	3.8255
16.75	3.82557
16.74	3.82564
16.73	3.82572
16.72	3.82579
16.71	3.82586
16.7	3.82593
16.69	3.82601
16.68	3.82608
16.67	3.82615
16.66	3.82622
16.65	3.8263
16.64	3.82637
16.63	3.82644
16.62	3.82652
16.61	3.82659
16.6	3.82666
16.59	3.82674
16.58	3.82681
16.57	3.82688
16.56	3.82696
16.55	3.82703
16.54	3.82711
16.53	3.82718
16.52	3.82725
16.51	3.82733
16.5	3.8274
16.49	3.82748
16.48	3.82755
16.47	3.82763
16.46	3.8277
16.45	3.82777
16.44	3.82785
16.43	3.82792
16.42	3.828
16.41	3.82807
16.4	3.82815
16.39	3.82823
16.38	3.8283
16.37	3.82838
16.36	3.82845
16.35	3.82853
16.34	3.8286
16.33	3.82868
16.32	3.82876
16.31	3.82883
16.3	3.82891
16.29	3.82898
16.28	3.82906
16.27	3.82914
16.26	3.82921
16.25	3.82929
16.24	3.82937
16.23	3.82944
16.22	3.82952
16.21	3.8296
16.2	3.82967
16.19	3.82975
16.18	3.82983
16.17	3.82991
16.16	3.82998
16.15	3.83006
16.14	3.83014
16.13	3.83022
16.12	3.8303
16.11	3.83037
16.1	3.83045
16.09	3.83053
16.08	3.83061
16.07	3.83069
16.06	3.83077
16.05	3.83084
16.04	3.83092
16.03	3.831
16.02	3.83108
16.01	3.83116
16	3.83124
15.99	3.83132
15.98	3.8314
15.97	3.83148
15.96	3.83156
15.95	3.83164
15.94	3.83172
15.93	3.8318
15.92	3.83188
15.91	3.83196
15.9	3.83204
15.89	3.83212
15.88	3.8322
15.87	3.83228
15.86	3.83236
15.85	3.83244
15.84	3.83252
15.83	3.8326
15.82	3.83268
15.81	3.83276
15.8	3.83284
15.79	3.83292
15.78	3.83301
15.77	3.83309
15.76	3.83317
15.75	3.83325
15.74	3.83333
15.73	3.83341
15.72	3.8335
15.71	3.83358
15.7	3.83366
15.69	3.83374
15.68	3.83383
15.67	3.83391
15.66	3.83399
15.65	3.83407
15.64	3.83416
15.63	3.83424
15.62	3.83432
15.61	3.83441
15.6	3.83449
15.59	3.83457
15.58	3.83466
15.57	3.83474
15.56	3.83482
15.55	3.83491
15.54	3.83499
15.53	3.83508
15.52	3.83516
15.51	3.83525
15.5	3.83533
15.49	3.83541
15.48	3.8355
15.47	3.83558
15.46	3.83567
15.45	3.83575
15.44	3.83584
15.43	3.83592
15.42	3.83601
15.41	3.8361
15.4	3.83618
15.39	3.83627
15.38	3.83635
15.37	3.83644
15.36	3.83652
15.35	3.83661
15.34	3.8367
15.33	3.83678
15.32	3.83687
15.31	3.83696
15.3	3.83704
15.29	3.83713
15.28	3.83722
15.27	3.8373
15.26	3.83739
15.25	3.83748
15.24	3.83757
15.23	3.83765
15.22	3.83774
15.21	3.83783
15.2	3.83792
15.19	3.83801
15.18	3.83809
15.17	3.83818
15.16	3.83827
15.15	3.83836
15.14	3.83845
15.13	3.83854
15.12	3.83863
15.11	3.83871
15.1	3.8388
15.09	3.83889
15.08	3.83898
15.07	3.83907
15.06	3.83916
15.05	3.83925
15.04	3.83934
15.03	3.83943
15.02	3.83952
15.01	3.83961
15	3.8397
14.99	3.83979
14.98	3.83988
14.97	3.83997
14.96	3.84006
14.95	3.84016
14.94	3.84025
14.93	3.84034
14.92	3.84043
14.91	3.84052
14.9	3.84061
14.89	3.8407
14.88	3.8408
14.87	3.84089
14.86	3.84098
14.85	3.84107
14.84	3.84117
14.83	3.84126
14.82	3.84135
14.81	3.84144
14.8	3.84154
14.79	3.84163
14.78	3.84172
14.77	3.84182
14.76	3.84191
14.75	3.842
14.74	3.8421
14.73	3.84219
14.72	3.84228
14.71	3.84238
14.7	3.84247
14.69	3.84257
14.68	3.84266
14.67	3.84276
14.66	3.84285
14.65	3.84295
14.64	3.84304
14.63	3.84314
14.62	3.84323
14.61	3.84333
14.6	3.84342
14.59	3.84352
14.58	3.84361
14.57	3.84371
14.56	3.84381
14.55	3.8439
14.54	3.844
14.53	3.84409
14.52	3.84419
14.51	3.84429
14.5	3.84438
14.49	3.84448
14.48	3.84458
14.47	3.84468
14.46	3.84477
14.45	3.84487
14.44	3.84497
14.43	3.84507
14.42	3.84517
14.41	3.84526
14.4	3.84536
14.39	3.84546
14.38	3.84556
14.37	3.84566
14.36	3.84576
14.35	3.84586
14.34	3.84595
14.33	3.84605
14.32	3.84615
14.31	3.84625
14.3	3.84635
14.29	3.84645
14.28	3.84655
14.27	3.84665
14.26	3.84675
14.25	3.84685
14.24	3.84695
14.23	3.84705
14.22	3.84716
14.21	3.84726
14.2	3.84736
14.19	3.84746
14.18	3.84756
14.17	3.84766
14.16	3.84776
14.15	3.84787
14.14	3.84797
14.13	3.84807
14.12	3.84817
14.11	3.84828
14.1	3.84838
14.09	3.84848
14.08	3.84858
14.07	3.84869
14.06	3.84879
14.05	3.84889
14.04	3.849
14.03	3.8491
14.02	3.8492
14.01	3.84931
14	3.84941
13.99	3.84952
13.98	3.84962
13.97	3.84973
13.96	3.84983
13.95	3.84994
13.94	3.85004
13.93	3.85015
13.92	3.85025
13.91	3.85036
13.9	3.85046
13.89	3.85057
13.88	3.85068
13.87	3.85078
13.86	3.85089
13.85	3.85099
13.84	3.8511
13.83	3.85121
13.82	3.85132
13.81	3.85142
13.8	3.85153
13.79	3.85164
13.78	3.85174
13.77	3.85185
13.76	3.85196
13.75	3.85207
13.74	3.85218
13.73	3.85229
13.72	3.85239
13.71	3.8525
13.7	3.85261
13.69	3.85272
13.68	3.85283
13.67	3.85294
13.66	3.85305
13.65	3.85316
13.64	3.85327
13.63	3.85338
13.62	3.85349
13.61	3.8536
13.6	3.85371
13.59	3.85382
13.58	3.85393
13.57	3.85404
13.56	3.85415
13.55	3.85427
13.54	3.85438
13.53	3.85449
13.52	3.8546
13.51	3.85471
13.5	3.85483
13.49	3.85494
13.48	3.85505
13.47	3.85516
13.46	3.85528
13.45	3.85539
13.44	3.8555
13.43	3.85562
13.42	3.85573
13.41	3.85584
13.4	3.85596
13.39	3.85607
13.38	3.85619
13.37	3.8563
13.36	3.85642
13.35	3.85653
13.34	3.85665
13.33	3.85676
13.32	3.85688
13.31	3.85699
13.3	3.85711
13.29	3.85722
13.28	3.85734
13.27	3.85746
13.26	3.85757
13.25	3.85769
13.24	3.85781
13.23	3.85792
13.22	3.85804
13.21	3.85816
13.2	3.85828
13.19	3.85839
13.18	3.85851
13.17	3.85863
13.16	3.85875
13.15	3.85887
13.14	3.85899
13.13	3.85911
13.12	3.85922
13.11	3.85934
13.1	3.85946
13.09	3.85958
13.08	3.8597
13.07	3.85982
13.06	3.85994
13.05	3.86006
13.04	3.86018
13.03	3.86031
13.02	3.86043
13.01	3.86055
13	3.86067
12.99	3.86079
12.98	3.86091
12.97	3.86103
12.96	3.86116
12.95	3.86128
12.94	3.8614
12.93	3.86152
12.92	3.86165
12.91	3.86177
12.9	3.86189
12.89	3.86202
12.88	3.86214
12.87	3.86227
12.86	3.86239
12.85	3.86251
12.84	3.86264
12.83	3.86276
12.82	3.86289
12.81	3.86301
12.8	3.86314
12.79	3.86326
12.78	3.86339
12.77	3.86352
12.76	3.86364
12.75	3.86377
12.74	3.8639
12.73	3.86402
12.72	3.86415
12.71	3.86428
12.7	3.8644
12.69	3.86453
12.68	3.86466
12.67	3.86479
12.66	3.86492
12.65	3.86504
12.64	3.86517
12.63	3.8653
12.62	3.86543
12.61	3.86556
12.6	3.86569
12.59	3.86582
12.58	3.86595
12.57	3.86608
12.56	3.86621
12.55	3.86634
12.54	3.86647
12.53	3.8666
12.52	3.86673
12.51	3.86687
12.5	3.867
12.49	3.86713
12.48	3.86726
12.47	3.86739
12.46	3.86753
12.45	3.86766
12.44	3.86779
12.43	3.86793
12.42	3.86806
12.41	3.86819
12.4	3.86833
12.39	3.86846
12.38	3.86859
12.37	3.86873
12.36	3.86886
12.35	3.869
12.34	3.86913
12.33	3.86927
12.32	3.86941
12.31	3.86954
12.3	3.86968
12.29	3.86981
12.28	3.86995
12.27	3.87009
12.26	3.87022
12.25	3.87036
12.24	3.8705
12.23	3.87064
12.22	3.87078
12.21	3.87091
12.2	3.87105
12.19	3.87119
12.18	3.87133
12.17	3.87147
12.16	3.87161
12.15	3.87175
12.14	3.87189
12.13	3.87203
12.12	3.87217
12.11	3.87231
12.1	3.87245
12.09	3.87259
12.08	3.87273
12.07	3.87287
12.06	3.87302
12.05	3.87316
12.04	3.8733
12.03	3.87344
12.02	3.87359
12.01	3.87373
12	3.87387
11.99	3.87402
11.98	3.87416
11.97	3.8743
11.96	3.87445
11.95	3.87459
11.94	3.87474
11.93	3.87488
11.92	3.87503
11.91	3.87517
11.9	3.87532
11.89	3.87547
11.88	3.87561
11.87	3.87576
11.86	3.87591
11.85	3.87605
11.84	3.8762
11.83	3.87635
11.82	3.8765
11.81	3.87664
11.8	3.87679
11.79	3.87694
11.78	3.87709
11.77	3.87724
11.76	3.87739
11.75	3.87754
11.74	3.87769
11.73	3.87784
11.72	3.87799
11.71	3.87814
11.7	3.87829
11.69	3.87844
11.68	3.87859
11.67	3.87874
11.66	3.8789
11.65	3.87905
11.64	3.8792
11.63	3.87935
11.62	3.87951
11.61	3.87966
11.6	3.87982
11.59	3.87997
11.58	3.88012
11.57	3.88028
11.56	3.88043
11.55	3.88059
11.54	3.88074
11.53	3.8809
11.52	3.88106
11.51	3.88121
11.5	3.88137
11.49	3.88153
11.48	3.88168
11.47	3.88184
11.46	3.882
11.45	3.88216
11.44	3.88231
11.43	3.88247
11.42	3.88263
11.41	3.88279
11.4	3.88295
11.39	3.88311
11.38	3.88327
11.37	3.88343
11.36	3.88359
11.35	3.88375
11.34	3.88391
11.33	3.88407
11.32	3.88424
11.31	3.8844
11.3	3.88456
11.29	3.88472
11.28	3.88489
11.27	3.88505
11.26	3.88521
11.25	3.88538
11.24	3.88554
11.23	3.8857
11.22	3.88587
11.21	3.88603
11.2	3.8862
11.19	3.88637
11.18	3.88653
11.17	3.8867
11.16	3.88686
11.15	3.88703
11.14	3.8872
11.13	3.88737
11.12	3.88753
11.11	3.8877
11.1	3.88787
11.09	3.88804
11.08	3.88821
11.07	3.88838
11.06	3.88855
11.05	3.88872
11.04	3.88889
11.03	3.88906
11.02	3.88923
11.01	3.8894
11	3.88957
10.99	3.88975
10.98	3.88992
10.97	3.89009
10.96	3.89026
10.95	3.89044
10.94	3.89061
10.93	3.89079
10.92	3.89096
10.91	3.89113
10.9	3.89131
10.89	3.89148
10.88	3.89166
10.87	3.89184
10.86	3.89201
10.85	3.89219
10.84	3.89237
10.83	3.89254
10.82	3.89272
10.81	3.8929
10.8	3.89308
10.79	3.89326
10.78	3.89344
10.77	3.89362
10.76	3.8938
10.75	3.89398
10.74	3.89416
10.73	3.89434
10.72	3.89452
10.71	3.8947
10.7	3.89488
10.69	3.89506
10.68	3.89525
10.67	3.89543
10.66	3.89561
10.65	3.8958
10.64	3.89598
10.63	3.89616
10.62	3.89635
10.61	3.89653
10.6	3.89672
10.59	3.89691
10.58	3.89709
10.57	3.89728
10.56	3.89747
10.55	3.89765
10.54	3.89784
10.53	3.89803
10.52	3.89822
10.51	3.89841
10.5	3.89859
10.49	3.89878
10.48	3.89897
10.47	3.89916
10.46	3.89936
10.45	3.89955
10.44	3.89974
10.43	3.89993
10.42	3.90012
10.41	3.90031
10.4	3.90051
10.39	3.9007
10.38	3.90089
10.37	3.90109
10.36	3.90128
10.35	3.90148
10.34	3.90167
10.33	3.90187
10.32	3.90207
10.31	3.90226
10.3	3.90246
10.29	3.90266
10.28	3.90285
10.27	3.90305
10.26	3.90325
10.25	3.90345
10.24	3.90365
10.23	3.90385
10.22	3.90405
10.21	3.90425
10.2	3.90445
10.19	3.90465
10.18	3.90485
10.17	3.90506
10.16	3.90526
10.15	3.90546
10.14	3.90567
10.13	3.90587
10.12	3.90607
10.11	3.90628
10.1	3.90648
10.09	3.90669
10.08	3.90689
10.07	3.9071
10.06	3.90731
10.05	3.90752
10.04	3.90772
10.03	3.90793
10.02	3.90814
10.01	3.90835
10	3.90856
9.99	3.90877
9.98	3.90898
9.97	3.90919
9.96	3.9094
9.95	3.90961
9.94	3.90982
9.93	3.91004
9.92	3.91025
9.91	3.91046
9.9	3.91068
9.89	3.91089
9.88	3.91111
9.87	3.91132
9.86	3.91154
9.85	3.91175
9.84	3.91197
9.83	3.91219
9.82	3.91241
9.81	3.91262
9.8	3.91284
9.79	3.91306
9.78	3.91328
9.77	3.9135
9.76	3.91372
9.75	3.91394
9.74	3.91416
9.73	3.91438
9.72	3.91461
9.71	3.91483
9.7	3.91505
9.69	3.91528
9.68	3.9155
9.67	3.91573
9.66	3.91595
9.65	3.91618
9.64	3.9164
9.63	3.91663
9.62	3.91686
9.61	3.91708
9.6	3.91731
9.59	3.91754
9.58	3.91777
9.57	3.918
9.56	3.91823
9.55	3.91846
9.54	3.91869
9.53	3.91892
9.52	3.91916
9.51	3.91939
9.5	3.91962
9.49	3.91985
9.48	3.92009
9.47	3.92032
9.46	3.92056
9.45	3.92079
9.44	3.92103
9.43	3.92127
9.42	3.92151
9.41	3.92174
9.4	3.92198
9.39	3.92222
9.38	3.92246
9.37	3.9227
9.36	3.92294
9.35	3.92318
9.34	3.92342
9.33	3.92367
9.32	3.92391
9.31	3.92415
9.3	3.9244
9.29	3.92464
9.28	3.92489
9.27	3.92513
9.26	3.92538
9.25	3.92562
9.24	3.92587
9.23	3.92612
9.22	3.92637
9.21	3.92662
9.2	3.92686
9.19	3.92711
9.18	3.92737
9.17	3.92762
9.16	3.92787
9.15	3.92812
9.14	3.92837
9.13	3.92863
9.12	3.92888
9.11	3.92914
9.1	3.92939
9.09	3.92965
9.08	3.9299
9.07	3.93016
9.06	3.93042
9.05	3.93068
9.04	3.93093
9.03	3.93119
9.02	3.93145
9.01	3.93171
9	3.93198
8.99	3.93224
8.98	3.9325
8.97	3.93276
8.96	3.93303
8.95	3.93329
8.94	3.93356
8.93	3.93382
8.92	3.93409
8.91	3.93435
8.9	3.93462
8.89	3.93489
8.88	3.93516
8.87	3.93543
8.86	3.9357
8.85	3.93597
8.84	3.93624
8.83	3.93651
8.82	3.93678
8.81	3.93706
8.8	3.93733
8.79	3.93761
8.78	3.93788
8.77	3.93816
8.76	3.93843
8.75	3.93871
8.74	3.93899
8.73	3.93927
8.72	3.93955
8.71	3.93983
8.7	3.94011
8.69	3.94039
8.68	3.94067
8.67	3.94095
8.66	3.94123
8.65	3.94152
8.64	3.9418
8.63	3.94209
8.62	3.94237
8.61	3.94266
8.6	3.94295
8.59	3.94324
8.58	3.94353
8.57	3.94381
8.56	3.9441
8.55	3.9444
8.54	3.94469
8.53	3.94498
8.52	3.94527
8.51	3.94557
8.5	3.94586
8.49	3.94616
8.48	3.94645
8.47	3.94675
8.46	3.94705
8.45	3.94735
8.44	3.94764
8.43	3.94794
8.42	3.94824
8.41	3.94855
8.4	3.94885
8.39	3.94915
8.38	3.94945
8.37	3.94976
8.36	3.95006
8.35	3.95037
8.34	3.95068
8.33	3.95098
8.32	3.95129
8.31	3.9516
8.3	3.95191
8.29	3.95222
8.28	3.95253
8.27	3.95284
8.26	3.95316
8.25	3.95347
8.24	3.95379
8.23	3.9541
8.22	3.95442
8.21	3.95473
8.2	3.95505
8.19	3.95537
8.18	3.95569
8.17	3.95601
8.16	3.95633
8.15	3.95665
8.14	3.95698
8.13	3.9573
8.12	3.95762
8.11	3.95795
8.1	3.95827
8.09	3.9586
8.08	3.95893
8.07	3.95926
8.06	3.95959
8.05	3.95992
8.04	3.96025
8.03	3.96058
8.02	3.96091
8.01	3.96125
8	3.96158
7.99	3.96192
7.98	3.96226
7.97	3.96259
7.96	3.96293
7.95	3.96327
7.94	3.96361
7.93	3.96395
7.92	3.96429
7.91	3.96464
7.9	3.96498
7.89	3.96532
7.88	3.96567
7.87	3.96602
7.86	3.96636
7.85	3.96671
7.84	3.96706
7.83	3.96741
7.82	3.96776
7.81	3.96812
7.8	3.96847
7.79	3.96882
7.78	3.96918
7.77	3.96953
7.76	3.96989
7.75	3.97025
7.74	3.97061
7.73	3.97097
7.72	3.97133
7.71	3.97169
7.7	3.97205
7.69	3.97242
7.68	3.97278
7.67	3.97315
7.66	3.97352
7.65	3.97388
7.64	3.97425
7.63	3.97462
7.62	3.97499
7.61	3.97537
7.6	3.97574
7.59	3.97611
7.58	3.97649
7.57	3.97687
7.56	3.97724
7.55	3.97762
7.54	3.978
7.53	3.97838
7.52	3.97876
7.51	3.97915
7.5	3.97953
7.49	3.97991
7.48	3.9803
7.47	3.98069
7.46	3.98108
7.45	3.98146
7.44	3.98186
7.43	3.98225
7.42	3.98264
7.41	3.98303
7.4	3.98343
7.39	3.98382
7.38	3.98422
7.37	3.98462
7.36	3.98502
7.35	3.98542
7.34	3.98582
7.33	3.98622
7.32	3.98663
7.31	3.98703
7.3	3.98744
7.29	3.98785
7.28	3.98826
7.27	3.98867
7.26	3.98908
7.25	3.98949
7.24	3.9899
7.23	3.99032
7.22	3.99074
7.21	3.99115
7.2	3.99157
7.19	3.99199
7.18	3.99241
7.17	3.99283
7.16	3.99326
7.15	3.99368
7.14	3.99411
7.13	3.99454
7.12	3.99496
7.11	3.99539
7.1	3.99583
7.09	3.99626
7.08	3.99669
7.07	3.99713
7.06	3.99756
7.05	3.998
7.04	3.99844
7.03	3.99888
7.02	3.99932
7.01	3.99977
7	4.00021
6.99	4.00066
6.98	4.0011
6.97	4.00155
6.96	4.002
6.95	4.00245
6.94	4.00291
6.93	4.00336
6.92	4.00381
6.91	4.00427
6.9	4.00473
6.89	4.00519
6.88	4.00565
6.87	4.00611
6.86	4.00658
6.85	4.00704
6.84	4.00751
6.83	4.00798
6.82	4.00845
6.81	4.00892
6.8	4.00939
6.79	4.00987
6.78	4.01034
6.77	4.01082
6.76	4.0113
6.75	4.01178
6.74	4.01226
6.73	4.01274
6.72	4.01323
6.71	4.01371
6.7	4.0142
6.69	4.01469
6.68	4.01518
6.67	4.01568
6.66	4.01617
6.65	4.01667
6.64	4.01716
6.63	4.01766
6.62	4.01816
6.61	4.01867
6.6	4.01917
6.59	4.01968
6.58	4.02018
6.57	4.02069
6.56	4.0212
6.55	4.02171
6.54	4.02223
6.53	4.02274
6.52	4.02326
6.51	4.02378
6.5	4.0243
6.49	4.02482
6.48	4.02535
6.47	4.02587
6.46	4.0264
6.45	4.02693
6.44	4.02746
6.43	4.02799
6.42	4.02853
6.41	4.02907
6.4	4.0296
6.39	4.03014
6.38	4.03069
6.37	4.03123
6.36	4.03177
6.35	4.03232
6.34	4.03287
6.33	4.03342
6.32	4.03398
6.31	4.03453
6.3	4.03509
6.29	4.03565
6.28	4.03621
6.27	4.03677
6.26	4.03733
6.25	4.0379
6.24	4.03847
6.23	4.03904
6.22	4.03961
6.21	4.04018
6.2	4.04076
6.19	4.04134
6.18	4.04192
6.17	4.0425
6.16	4.04309
6.15	4.04367
6.14	4.04426
6.13	4.04485
6.12	4.04544
6.11	4.04604
6.1	4.04664
6.09	4.04723
6.08	4.04784
6.07	4.04844
6.06	4.04904
6.05	4.04965
6.04	4.05026
6.03	4.05087
6.02	4.05149
6.01	4.0521
6	4.05272
5.99	4.05334
5.98	4.05396
5.97	4.05459
5.96	4.05522
5.95	4.05585
5.94	4.05648
5.93	4.05711
5.92	4.05775
5.91	4.05839
5.9	4.05903
5.89	4.05967
5.88	4.06032
5.87	4.06097
5.86	4.06162
5.85	4.06227
5.84	4.06293
5.83	4.06358
5.82	4.06425
5.81	4.06491
5.8	4.06557
5.79	4.06624
5.78	4.06691
5.77	4.06758
5.76	4.06826
5.75	4.06894
5.74	4.06962
5.73	4.0703
5.72	4.07099
5.71	4.07167
5.7	4.07237
5.69	4.07306
5.68	4.07376
5.67	4.07445
5.66	4.07516
5.65	4.07586
5.64	4.07657
5.63	4.07728
5.62	4.07799
5.61	4.0787
5.6	4.07942
5.59	4.08014
5.58	4.08086
5.57	4.08159
5.56	4.08232
5.55	4.08305
5.54	4.08379
5.53	4.08452
5.52	4.08527
5.51	4.08601
5.5	4.08676
5.49	4.0875
5.48	4.08826
5.47	4.08901
5.46	4.08977
5.45	4.09053
5.44	4.0913
5.43	4.09206
5.42	4.09283
5.41	4.09361
5.4	4.09439
5.39	4.09516
5.38	4.09595
5.37	4.09673
5.36	4.09752
5.35	4.09832
5.34	4.09911
5.33	4.09991
5.32	4.10071
5.31	4.10152
5.3	4.10233
5.29	4.10314
5.28	4.10396
5.27	4.10478
5.26	4.1056
5.25	4.10642
5.24	4.10725
5.23	4.10809
5.22	4.10892
5.21	4.10976
5.2	4.11061
5.19	4.11145
5.18	4.1123
5.17	4.11316
5.16	4.11401
5.15	4.11488
5.14	4.11574
5.13	4.11661
5.12	4.11748
5.11	4.11836
5.1	4.11924
5.09	4.12012
5.08	4.12101
5.07	4.1219
5.06	4.1228
5.05	4.12369
5.04	4.1246
5.03	4.1255
5.02	4.12642
5.01	4.12733
5	4.12825
4.99	4.12917
4.98	4.1301
4.97	4.13103
4.96	4.13196
4.95	4.1329
4.94	4.13385
4.93	4.1348
4.92	4.13575
4.91	4.1367
4.9	4.13766
4.89	4.13863
4.88	4.1396
4.87	4.14057
4.86	4.14155
4.85	4.14253
4.84	4.14352
4.83	4.14451
4.82	4.1455
4.81	4.14651
4.8	4.14751
4.79	4.14852
4.78	4.14953
4.77	4.15055
4.76	4.15158
4.75	4.1526
4.74	4.15364
4.73	4.15468
4.72	4.15572
4.71	4.15677
4.7	4.15782
4.69	4.15888
4.68	4.15994
4.67	4.16101
4.66	4.16208
4.65	4.16316
4.64	4.16424
4.63	4.16533
4.62	4.16642
4.61	4.16752
4.6	4.16862
4.59	4.16973
4.58	4.17085
4.57	4.17197
4.56	4.17309
4.55	4.17422
4.54	4.17536
4.53	4.1765
4.52	4.17765
4.51	4.1788
4.5	4.17996
4.49	4.18112
4.48	4.18229
4.47	4.18347
4.46	4.18465
4.45	4.18584
4.44	4.18703
4.43	4.18823
4.42	4.18944
4.41	4.19065
4.4	4.19187
4.39	4.19309
4.38	4.19432
4.37	4.19556
4.36	4.1968
4.35	4.19805
4.34	4.19931
4.33	4.20057
4.32	4.20184
4.31	4.20311
4.3	4.20439
4.29	4.20568
4.28	4.20698
4.27	4.20828
4.26	4.20959
4.25	4.2109
4.24	4.21223
4.23	4.21356
4.22	4.21489
4.21	4.21624
4.2	4.21759
4.19	4.21894
4.18	4.22031
4.17	4.22168
4.16	4.22306
4.15	4.22445
4.14	4.22584
4.13	4.22725
4.12	4.22866
4.11	4.23007
4.1	4.2315
4.09	4.23293
4.08	4.23437
4.07	4.23582
4.06	4.23728
4.05	4.23875
4.04	4.24022
4.03	4.2417
4.02	4.24319
4.01	4.24469
4	4.24619
3.99	4.24771
3.98	4.24923
3.97	4.25077
3.96	4.25231
3.95	4.25386
3.94	4.25541
3.93	4.25698
3.92	4.25856
3.91	4.26014
3.9	4.26174
3.89	4.26334
3.88	4.26496
3.87	4.26658
3.86	4.26821
3.85	4.26985
3.84	4.27151
3.83	4.27317
3.82	4.27484
3.81	4.27652
3.8	4.27821
3.79	4.27991
3.78	4.28162
3.77	4.28334
3.76	4.28508
3.75	4.28682
3.74	4.28857
3.73	4.29034
3.72	4.29211
3.71	4.2939
3.7	4.29569
3.69	4.2975
3.68	4.29932
3.67	4.30115
3.66	4.30299
3.65	4.30484
3.64	4.30671
3.63	4.30858
3.62	4.31047
3.61	4.31237
3.6	4.31428
3.59	4.31621
3.58	4.31814
3.57	4.32009
3.56	4.32205
3.55	4.32403
3.54	4.32601
3.53	4.32801
3.52	4.33002
3.51	4.33205
3.5	4.33409
3.49	4.33614
3.48	4.3382
3.47	4.34028
3.46	4.34238
3.45	4.34448
3.44	4.34661
3.43	4.34874
3.42	4.35089
3.41	4.35305
3.4	4.35523
3.39	4.35743
3.38	4.35963
3.37	4.36186
3.36	4.3641
3.35	4.36635
3.34	4.36862
3.33	4.37091
3.32	4.37321
3.31	4.37553
3.3	4.37786
3.29	4.38021
3.28	4.38258
3.27	4.38496
3.26	4.38736
3.25	4.38978
3.24	4.39221
3.23	4.39466
3.22	4.39713
3.21	4.39962
3.2	4.40213
3.19	4.40465
3.18	4.4072
3.17	4.40976
3.16	4.41234
3.15	4.41494
3.14	4.41755
3.13	4.42019
3.12	4.42285
3.11	4.42553
3.1	4.42823
3.09	4.43094
3.08	4.43368
3.07	4.43644
3.06	4.43922
3.05	4.44203
3.04	4.44485
3.03	4.4477
3.02	4.45056
3.01	4.45346
3	4.45637
2.99	4.4593
2.98	4.46226
2.97	4.46525
2.96	4.46825
2.95	4.47128
2.94	4.47434
2.93	4.47742
2.92	4.48052
2.91	4.48365
2.9	4.4868
2.89	4.48999
2.88	4.49319
2.87	4.49643
2.86	4.49969
2.85	4.50297
2.84	4.50629
2.83	4.50963
2.82	4.513
2.81	4.5164
2.8	4.51983
2.79	4.52329
2.78	4.52677
2.77	4.53029
2.76	4.53384
2.75	4.53742
2.74	4.54103
2.73	4.54467
2.72	4.54834
2.71	4.55205
2.7	4.55579
2.69	4.55956
2.68	4.56337
2.67	4.56721
2.66	4.57108
2.65	4.575
2.64	4.57894
2.63	4.58292
2.62	4.58694
2.61	4.591
2.6	4.59509
2.59	4.59923
2.58	4.6034
2.57	4.60761
2.56	4.61186
2.55	4.61615
2.54	4.62048
2.53	4.62486
2.52	4.62927
2.51	4.63373
2.5	4.63824
2.49	4.64278
2.48	4.64738
2.47	4.65201
2.46	4.6567
2.45	4.66143
2.44	4.66621
2.43	4.67103
2.42	4.67591
2.41	4.68083
2.4	4.68581
2.39	4.69084
2.38	4.69592
2.37	4.70105
2.36	4.70624
2.35	4.71148
2.34	4.71678
2.33	4.72213
2.32	4.72754
2.31	4.73301
2.3	4.73854
2.29	4.74413
2.28	4.74978
2.27	4.75549
2.26	4.76127
2.25	4.76711
2.24	4.77301
2.23	4.77899
2.22	4.78503
2.21	4.79114
2.2	4.79732
2.19	4.80357
2.18	4.80989
2.17	4.81629
2.16	4.82276
2.15	4.82931
2.14	4.83594
2.13	4.84264
2.12	4.84943
2.11	4.8563
2.1	4.86325
2.09	4.87029
2.08	4.87742
2.07	4.88463
2.06	4.89193
2.05	4.89933
2.04	4.90682
2.03	4.9144
2.02	4.92209
2.01	4.92987
2	4.93775
1.99	4.94574
1.98	4.95383
1.97	4.96203
1.96	4.97034
1.95	4.97876
1.94	4.98729
1.93	4.99594
1.92	5.00471
1.91	5.01361
1.9	5.02262
1.89	5.03176
1.88	5.04104
1.87	5.05044
1.86	5.05998
1.85	5.06965
1.84	5.07947
1.83	5.08943
1.82	5.09954
1.81	5.1098
1.8	5.12021
1.79	5.13079
1.78	5.14152
1.77	5.15242
1.76	5.16348
1.75	5.17472
1.74	5.18614
1.73	5.19774
1.72	5.20953
1.71	5.2215
1.7	5.23367
1.69	5.24604
1.68	5.25862
1.67	5.2714
1.66	5.28441
1.65	5.29763
1.64	5.31108
1.63	5.32476
1.62	5.33869
1.61	5.35285
1.6	5.36728
1.59	5.38196
1.58	5.3969
1.57	5.41213
1.56	5.42763
1.55	5.44342
1.54	5.45952
1.53	5.47592
1.52	5.49263
1.51	5.50967
1.5	5.52705
1.49	5.54477
1.48	5.56285
1.47	5.5813
1.46	5.60012
1.45	5.61934
1.44	5.63896
1.43	5.659
1.42	5.67947
1.41	5.70038
1.4	5.72176
1.39	5.74361
1.38	5.76595
1.37	5.7888
1.36	5.81219
1.35	5.83611
1.34	5.86061
1.33	5.8857
1.32	5.9114
1.31	5.93773
1.3	5.96472
1.29	5.99239
1.28	6.02078
1.27	6.04991
1.26	6.07981
1.25	6.11052
1.24	6.14206
1.23	6.17448
1.22	6.20781
1.21	6.2421
1.2	6.27739
1.19	6.31372
1.18	6.35114
1.17	6.38972
1.16	6.42949
1.15	6.47053
1.14	6.5129
1.13	6.55666
1.12	6.6019
1.11	6.64869
1.1	6.69712
1.09	6.74729
1.08	6.79928
1.07	6.85322
1.06	6.90923
1.05	6.96743
1.04	7.02796
1.03	7.09098
1.02	7.15667
1.01	7.2252
1	7.29679
0.99	7.37166
0.98	7.45007
0.97	7.53229
0.96	7.61866
0.95	7.70952
0.94	7.80527
0.93	7.90638
0.92	8.01335
0.91	8.12679
0.9	8.24739
0.89	8.37594
0.88	8.51339
0.87	8.66083
0.86	8.8196
0.85	8.99128
0.84	9.17782
0.83	9.38164
0.82	9.60577
0.81	9.85412
0.8	10.1318
0.79	10.4457
0.78	10.8055
0.77	11.2252
0.76	11.7264
0.75	12.3449
0.74	13.1464
0.73	14.2744
0.72	16.158
0.71	22.6642
-0.71	22.6642
-0.72	16.158
-0.73	14.2744
-0.74	13.1464
-0.75	12.3449
-0.76	11.7264
-0.77	11.2252
-0.78	10.8055
-0.79	10.4457
-0.8	10.1318
-0.81	9.85412
-0.82	9.60577
-0.83	9.38164
-0.84	9.17782
-0.85	8.99128
-0.86	8.8196
-0.87	8.66083
-0.88	8.51339
-0.89	8.37594
-0.9	8.24739
-0.91	8.12679
-0.92	8.01335
-0.93	7.90638
-0.94	7.80527
-0.95	7.70952
-0.96	7.61866
-0.97	7.53229
-0.98	7.45007
-0.99	7.37166
-1	7.29679
-1.01	7.2252
-1.02	7.15667
-1.03	7.09098
-1.04	7.02796
-1.05	6.96743
-1.06	6.90923
-1.07	6.85322
-1.08	6.79928
-1.09	6.74729
-1.1	6.69712
-1.11	6.64869
-1.12	6.6019
-1.13	6.55666
-1.14	6.5129
-1.15	6.47053
-1.16	6.42949
-1.17	6.38972
-1.18	6.35114
-1.19	6.31372
-1.2	6.27739
-1.21	6.2421
-1.22	6.20781
-1.23	6.17448
-1.24	6.14206
-1.25	6.11052
-1.26	6.07981
-1.27	6.04991
-1.28	6.02078
-1.29	5.99239
-1.3	5.96472
-1.31	5.93773
-1.32	5.9114
-1.33	5.8857
-1.34	5.86061
-1.35	5.83611
-1.36	5.81219
-1.37	5.7888
-1.38	5.76595
-1.39	5.74361
-1.4	5.72176
-1.41	5.70038
-1.42	5.67947
-1.43	5.659
-1.44	5.63896
-1.45	5.61934
-1.46	5.60012
-1.47	5.5813
-1.48	5.56285
-1.49	5.54477
-1.5	5.52705
-1.51	5.50967
-1.52	5.49263
-1.53	5.47592
-1.54	5.45952
-1.55	5.44342
-1.56	5.42763
-1.57	5.41213
-1.58	5.3969
-1.59	5.38196
-1.6	5.36728
-1.61	5.35285
-1.62	5.33869
-1.63	5.32476
-1.64	5.31108
-1.65	5.29763
-1.66	5.28441
-1.67	5.2714
-1.68	5.25862
-1.69	5.24604
-1.7	5.23367
-1.71	5.2215
-1.72	5.20953
-1.73	5.19774
-1.74	5.18614
-1.75	5.17472
-1.76	5.16348
-1.77	5.15242
-1.78	5.14152
-1.79	5.13079
-1.8	5.12021
-1.81	5.1098
-1.82	5.09954
-1.83	5.08943
-1.84	5.07947
-1.85	5.06965
-1.86	5.05998
-1.87	5.05044
-1.88	5.04104
-1.89	5.03176
-1.9	5.02262
-1.91	5.01361
-1.92	5.00471
-1.93	4.99594
-1.94	4.98729
-1.95	4.97876
-1.96	4.97034
-1.97	4.96203
-1.98	4.95383
-1.99	4.94574
-2	4.93775
-2.01	4.92987
-2.02	4.92209
-2.03	4.9144
-2.04	4.90682
-2.05	4.89933
-2.06	4.89193
-2.07	4.88463
-2.08	4.87742
-2.09	4.87029
-2.1	4.86325
-2.11	4.8563
-2.12	4.84943
-2.13	4.84264
-2.14	4.83594
-2.15	4.82931
-2.16	4.82276
-2.17	4.81629
-2.18	4.80989
-2.19	4.80357
-2.2	4.79732
-2.21	4.79114
-2.22	4.78503
-2.23	4.77899
-2.24	4.77301
-2.25	4.76711
-2.26	4.76127
-2.27	4.75549
-2.28	4.74978
-2.29	4.74413
-2.3	4.73854
-2.31	4.73301
-2.32	4.72754
-2.33	4.72213
-2.34	4.71678
-2.35	4.71148
-2.36	4.70624
-2.37	4.70105
-2.38	4.69592
-2.39	4.69084
-2.4	4.68581
-2.41	4.68083
-2.42	4.67591
-2.43	4.67103
-2.44	4.66621
-2.45	4.66143
-2.46	4.6567
-2.47	4.65201
-2.48	4.64738
-2.49	4.64278
-2.5	4.63824
-2.51	4.63373
-2.52	4.62927
-2.53	4.62486
-2.54	4.62048
-2.55	4.61615
-2.56	4.61186
-2.57	4.60761
-2.58	4.6034
-2.59	4.59923
-2.6	4.59509
-2.61	4.591
-2.62	4.58694
-2.63	4.58292
-2.64	4.57894
-2.65	4.575
-2.66	4.57108
-2.67	4.56721
-2.68	4.56337
-2.69	4.55956
-2.7	4.55579
-2.71	4.55205
-2.72	4.54834
-2.73	4.54467
-2.74	4.54103
-2.75	4.53742
-2.76	4.53384
-2.77	4.53029
-2.78	4.52677
-2.79	4.52329
-2.8	4.51983
-2.81	4.5164
-2.82	4.513
-2.83	4.50963
-2.84	4.50629
-2.85	4.50297
-2.86	4.49969
-2.87	4.49643
-2.88	4.49319
-2.89	4.48999
-2.9	4.4868
-2.91	4.48365
-2.92	4.48052
-2.93	4.47742
-2.94	4.47434
-2.95	4.47128
-2.96	4.46825
-2.97	4.46525
-2.98	4.46226
-2.99	4.4593
-3	4.45637
-3.01	4.45346
-3.02	4.45056
-3.03	4.4477
-3.04	4.44485
-3.05	4.44203
-3.06	4.43922
-3.07	4.43644
-3.08	4.43368
-3.09	4.43094
-3.1	4.42823
-3.11	4.42553
-3.12	4.42285
-3.13	4.42019
-3.14	4.41755
-3.15	4.41494
-3.16	4.41234
-3.17	4.40976
-3.18	4.4072
-3.19	4.40465
-3.2	4.40213
-3.21	4.39962
-3.22	4.39713
-3.23	4.39466
-3.24	4.39221
-3.25	4.38978
-3.26	4.38736
-3.27	4.38496
-3.28	4.38258
-3.29	4.38021
-3.3	4.37786
-3.31	4.37553
-3.32	4.37321
-3.33	4.37091
-3.34	4.36862
-3.35	4.36635
-3.36	4.3641
-3.37	4.36186
-3.38	4.35963
-3.39	4.35743
-3.4	4.35523
-3.41	4.35305
-3.42	4.35089
-3.43	4.34874
-3.44	4.34661
-3.45	4.34448
-3.46	4.34238
-3.47	4.34028
-3.48	4.3382
-3.49	4.33614
-3.5	4.33409
-3.51	4.33205
-3.52	4.33002
-3.53	4.32801
-3.54	4.32601
-3.55	4.32403
-3.56	4.32205
-3.57	4.32009
-3.58	4.31814
-3.59	4.31621
-3.6	4.31428
-3.61	4.31237
-3.62	4.31047
-3.63	4.30858
-3.64	4.30671
-3.65	4.30484
-3.66	4.30299
-3.67	4.30115
-3.68	4.29932
-3.69	4.2975
-3.7	4.29569
-3.71	4.2939
-3.72	4.29211
-3.73	4.29034
-3.74	4.28857
-3.75	4.28682
-3.76	4.28508
-3.77	4.28334
-3.78	4.28162
-3.79	4.27991
-3.8	4.27821
-3.81	4.27652
-3.82	4.27484
-3.83	4.27317
-3.84	4.27151
-3.85	4.26985
-3.86	4.26821
-3.87	4.26658
-3.88	4.26496
-3.89	4.26334
-3.9	4.26174
-3.91	4.26014
-3.92	4.25856
-3.93	4.25698
-3.94	4.25541
-3.95	4.25386
-3.96	4.25231
-3.97	4.25077
-3.98	4.24923
-3.99	4.24771
-4	4.24619
-4.01	4.24469
-4.02	4.24319
-4.03	4.2417
-4.04	4.24022
-4.05	4.23875
-4.06	4.23728
-4.07	4.23582
-4.08	4.23437
-4.09	4.23293
-4.1	4.2315
-4.11	4.23007
-4.12	4.22866
-4.13	4.22725
-4.14	4.22584
-4.15	4.22445
-4.16	4.22306
-4.17	4.22168
-4.18	4.22031
-4.19	4.21894
-4.2	4.21759
-4.21	4.21624
-4.22	4.21489
-4.23	4.21356
-4.24	4.21223
-4.25	4.2109
-4.26	4.20959
-4.27	4.20828
-4.28	4.20698
-4.29	4.20568
-4.3	4.20439
-4.31	4.20311
-4.32	4.20184
-4.33	4.20057
-4.34	4.19931
-4.35	4.19805
-4.36	4.1968
-4.37	4.19556
-4.38	4.19432
-4.39	4.19309
-4.4	4.19187
-4.41	4.19065
-4.42	4.18944
-4.43	4.18823
-4.44	4.18703
-4.45	4.18584
-4.46	4.18465
-4.47	4.18347
-4.48	4.18229
-4.49	4.18112
-4.5	4.17996
-4.51	4.1788
-4.52	4.17765
-4.53	4.1765
-4.54	4.17536
-4.55	4.17422
-4.56	4.17309
-4.57	4.17197
-4.58	4.17085
-4.59	4.16973
-4.6	4.16862
-4.61	4.16752
-4.62	4.16642
-4.63	4.16533
-4.64	4.16424
-4.65	4.16316
-4.66	4.16208
-4.67	4.16101
-4.68	4.15994
-4.69	4.15888
-4.7	4.15782
-4.71	4.15677
-4.72	4.15572
-4.73	4.15468
-4.74	4.15364
-4.75	4.1526
-4.76	4.15158
-4.77	4.15055
-4.78	4.14953
-4.79	4.14852
-4.8	4.14751
-4.81	4.14651
-4.82	4.1455
-4.83	4.14451
-4.84	4.14352
-4.85	4.14253
-4.86	4.14155
-4.87	4.14057
-4.88	4.1396
-4.89	4.13863
-4.9	4.13766
-4.91	4.1367
-4.92	4.13575
-4.93	4.1348
-4.94	4.13385
-4.95	4.1329
-4.96	4.13196
-4.97	4.13103
-4.98	4.1301
-4.99	4.12917
-5	4.12825
-5.01	4.12733
-5.02	4.12642
-5.03	4.1255
-5.04	4.1246
-5.05	4.12369
-5.06	4.1228
-5.07	4.1219
-5.08	4.12101
-5.09	4.12012
-5.1	4.11924
-5.11	4.11836
-5.12	4.11748
-5.13	4.11661
-5.14	4.11574
-5.15	4.11488
-5.16	4.11401
-5.17	4.11316
-5.18	4.1123
-5.19	4.11145
-5.2	4.11061
-5.21	4.10976
-5.22	4.10892
-5.23	4.10809
-5.24	4.10725
-5.25	4.10642
-5.26	4.1056
-5.27	4.10478
-5.28	4.10396
-5.29	4.10314
-5.3	4.10233
-5.31	4.10152
-5.32	4.10071
-5.33	4.09991
-5.34	4.09911
-5.35	4.09832
-5.36	4.09752
-5.37	4.09673
-5.38	4.09595
-5.39	4.09516
-5.4	4.09439
-5.41	4.09361
-5.42	4.09283
-5.43	4.09206
-5.44	4.0913
-5.45	4.09053
-5.46	4.08977
-5.47	4.08901
-5.48	4.08826
-5.49	4.0875
-5.5	4.08676
-5.51	4.08601
-5.52	4.08527
-5.53	4.08452
-5.54	4.08379
-5.55	4.08305
-5.56	4.08232
-5.57	4.08159
-5.58	4.08086
-5.59	4.08014
-5.6	4.07942
-5.61	4.0787
-5.62	4.07799
-5.63	4.07728
-5.64	4.07657
-5.65	4.07586
-5.66	4.07516
-5.67	4.07445
-5.68	4.07376
-5.69	4.07306
-5.7	4.07237
-5.71	4.07167
-5.72	4.07099
-5.73	4.0703
-5.74	4.06962
-5.75	4.06894
-5.76	4.06826
-5.77	4.06758
-5.78	4.06691
-5.79	4.06624
-5.8	4.06557
-5.81	4.06491
-5.82	4.06425
-5.83	4.06358
-5.84	4.06293
-5.85	4.06227
-5.86	4.06162
-5.87	4.06097
-5.88	4.06032
-5.89	4.05967
-5.9	4.05903
-5.91	4.05839
-5.92	4.05775
-5.93	4.05711
-5.94	4.05648
-5.95	4.05585
-5.96	4.05522
-5.97	4.05459
-5.98	4.05396
-5.99	4.05334
-6	4.05272
-6.01	4.0521
-6.02	4.05149
-6.03	4.05087
-6.04	4.05026
-6.05	4.04965
-6.06	4.04904
-6.07	4.04844
-6.08	4.04784
-6.09	4.04723
-6.1	4.04664
-6.11	4.04604
-6.12	4.04544
-6.13	4.04485
-6.14	4.04426
-6.15	4.04367
-6.16	4.04309
-6.17	4.0425
-6.18	4.04192
-6.19	4.04134
-6.2	4.04076
-6.21	4.04018
-6.22	4.03961
-6.23	4.03904
-6.24	4.03847
-6.25	4.0379
-6.26	4.03733
-6.27	4.03677
-6.28	4.03621
-6.29	4.03565
-6.3	4.03509
-6.31	4.03453
-6.32	4.03398
-6.33	4.03342
-6.34	4.03287
-6.35	4.03232
-6.36	4.03177
-6.37	4.03123
-6.38	4.03069
-6.39	4.03014
-6.4	4.0296
-6.41	4.02907
-6.42	4.02853
-6.43	4.02799
-6.44	4.02746
-6.45	4.02693
-6.46	4.0264
-6.47	4.02587
-6.48	4.02535
-6.49	4.02482
-6.5	4.0243
-6.51	4.02378
-6.52	4.02326
-6.53	4.02274
-6.54	4.02223
-6.55	4.02171
-6.56	4.0212
-6.57	4.02069
-6.58	4.02018
-6.59	4.01968
-6.6	4.01917
-6.61	4.01867
-6.62	4.01816
-6.63	4.01766
-6.64	4.01716
-6.65	4.01667
-6.66	4.01617
-6.67	4.01568
-6.68	4.01518
-6.69	4.01469
-6.7	4.0142
-6.71	4.01371
-6.72	4.01323
-6.73	4.01274
-6.74	4.01226
-6.75	4.01178
-6.76	4.0113
-6.77	4.01082
-6.78	4.01034
-6.79	4.00987
-6.8	4.00939
-6.81	4.00892
-6.82	4.00845
-6.83	4.00798
-6.84	4.00751
-6.85	4.00704
-6.86	4.00658
-6.87	4.00611
-6.88	4.00565
-6.89	4.00519
-6.9	4.00473
-6.91	4.00427
-6.92	4.00381
-6.93	4.00336
-6.94	4.00291
-6.95	4.00245
-6.96	4.002
-6.97	4.00155
-6.98	4.0011
-6.99	4.00066
-7	4.00021
-7.01	3.99977
-7.02	3.99932
-7.03	3.99888
-7.04	3.99844
-7.05	3.998
-7.06	3.99756
-7.07	3.99713
-7.08	3.99669
-7.09	3.99626
-7.1	3.99583
-7.11	3.99539
-7.12	3.99496
-7.13	3.99454
-7.14	3.99411
-7.15	3.99368
-7.16	3.99326
-7.17	3.99283
-7.18	3.99241
-7.19	3.99199
-7.2	3.99157
-7.21	3.99115
-7.22	3.99074
-7.23	3.99032
-7.24	3.9899
-7.25	3.98949
-7.26	3.98908
-7.27	3.98867
-7.28	3.98826
-7.29	3.98785
-7.3	3.98744
-7.31	3.98703
-7.32	3.98663
-7.33	3.98622
-7.34	3.98582
-7.35	3.98542
-7.36	3.98502
-7.37	3.98462
-7.38	3.98422
-7.39	3.98382
-7.4	3.98343
-7.41	3.98303
-7.42	3.98264
-7.43	3.98225
-7.44	3.98186
-7.45	3.98146
-7.46	3.98108
-7.47	3.98069
-7.48	3.9803
-7.49	3.97991
-7.5	3.97953
-7.51	3.97915
-7.52	3.97876
-7.53	3.97838
-7.54	3.978
-7.55	3.97762
-7.56	3.97724
-7.57	3.97687
-7.58	3.97649
-7.59	3.97611
-7.6	3.97574
-7.61	3.97537
-7.62	3.97499
-7.63	3.97462
-7.64	3.97425
-7.65	3.97388
-7.66	3.97352
-7.67	3.97315
-7.68	3.97278
-7.69	3.97242
-7.7	3.97205
-7.71	3.97169
-7.72	3.97133
-7.73	3.97097
-7.74	3.97061
-7.75	3.97025
-7.76	3.96989
-7.77	3.96953
-7.78	3.96918
-7.79	3.96882
-7.8	3.96847
-7.81	3.96812
-7.82	3.96776
-7.83	3.96741
-7.84	3.96706
-7.85	3.96671
-7.86	3.96636
-7.87	3.96602
-7.88	3.96567
-7.89	3.96532
-7.9	3.96498
-7.91	3.96464
-7.92	3.96429
-7.93	3.96395
-7.94	3.96361
-7.95	3.96327
-7.96	3.96293
-7.97	3.96259
-7.98	3.96226
-7.99	3.96192
-8	3.96158
-8.01	3.96125
-8.02	3.96091
-8.03	3.96058
-8.04	3.96025
-8.05	3.95992
-8.06	3.95959
-8.07	3.95926
-8.08	3.95893
-8.09	3.9586
-8.1	3.95827
-8.11	3.95795
-8.12	3.95762
-8.13	3.9573
-8.14	3.95698
-8.15	3.95665
-8.16	3.95633
-8.17	3.95601
-8.18	3.95569
-8.19	3.95537
-8.2	3.95505
-8.21	3.95473
-8.22	3.95442
-8.23	3.9541
-8.24	3.95379
-8.25	3.95347
-8.26	3.95316
-8.27	3.95284
-8.28	3.95253
-8.29	3.95222
-8.3	3.95191
-8.31	3.9516
-8.32	3.95129
-8.33	3.95098
-8.34	3.95068
-8.35	3.95037
-8.36	3.95006
-8.37	3.94976
-8.38	3.94945
-8.39	3.94915
-8.4	3.94885
-8.41	3.94855
-8.42	3.94824
-8.43	3.94794
-8.44	3.94764
-8.45	3.94735
-8.46	3.94705
-8.47	3.94675
-8.48	3.94645
-8.49	3.94616
-8.5	3.94586
-8.51	3.94557
-8.52	3.94527
-8.53	3.94498
-8.54	3.94469
-8.55	3.9444
-8.56	3.9441
-8.57	3.94381
-8.58	3.94353
-8.59	3.94324
-8.6	3.94295
-8.61	3.94266
-8.62	3.94237
-8.63	3.94209
-8.64	3.9418
-8.65	3.94152
-8.66	3.94123
-8.67	3.94095
-8.68	3.94067
-8.69	3.94039
-8.7	3.94011
-8.71	3.93983
-8.72	3.93955
-8.73	3.93927
-8.74	3.93899
-8.75	3.93871
-8.76	3.93843
-8.77	3.93816
-8.78	3.93788
-8.79	3.93761
-8.8	3.93733
-8.81	3.93706
-8.82	3.93678
-8.83	3.93651
-8.84	3.93624
-8.85	3.93597
-8.86	3.9357
-8.87	3.93543
-8.88	3.93516
-8.89	3.93489
-8.9	3.93462
-8.91	3.93435
-8.92	3.93409
-8.93	3.93382
-8.94	3.93356
-8.95	3.93329
-8.96	3.93303
-8.97	3.93276
-8.98	3.9325
-8.99	3.93224
-9	3.93198
-9.01	3.93171
-9.02	3.93145
-9.03	3.93119
-9.04	3.93093
-9.05	3.93068
-9.06	3.93042
-9.07	3.93016
-9.08	3.9299
-9.09	3.92965
-9.1	3.92939
-9.11	3.92914
-9.12	3.92888
-9.13	3.92863
-9.14	3.92837
-9.15	3.92812
-9.16	3.92787
-9.17	3.92762
-9.18	3.92737
-9.19	3.92711
-9.2	3.92686
-9.21	3.92662
-9.22	3.92637
-9.23	3.92612
-9.24	3.92587
-9.25	3.92562
-9.26	3.92538
-9.27	3.92513
-9.28	3.92489
-9.29	3.92464
-9.3	3.9244
-9.31	3.92415
-9.32	3.92391
-9.33	3.92367
-9.34	3.92342
-9.35	3.92318
-9.36	3.92294
-9.37	3.9227
-9.38	3.92246
-9.39	3.92222
-9.4	3.92198
-9.41	3.92174
-9.42	3.92151
-9.43	3.92127
-9.44	3.92103
-9.45	3.92079
-9.46	3.92056
-9.47	3.92032
-9.48	3.92009
-9.49	3.91985
-9.5	3.91962
-9.51	3.91939
-9.52	3.91916
-9.53	3.91892
-9.54	3.91869
-9.55	3.91846
-9.56	3.91823
-9.57	3.918
-9.58	3.91777
-9.59	3.91754
-9.6	3.91731
-9.61	3.91708
-9.62	3.91686
-9.63	3.91663
-9.64	3.9164
-9.65	3.91618
-9.66	3.91595
-9.67	3.91573
-9.68	3.9155
-9.69	3.91528
-9.7	3.91505
-9.71	3.91483
-9.72	3.91461
-9.73	3.91438
-9.74	3.91416
-9.75	3.91394
-9.76	3.91372
-9.77	3.9135
-9.78	3.91328
-9.79	3.91306
-9.8	3.91284
-9.81	3.91262
-9.82	3.91241
-9.83	3.91219
-9.84	3.91197
-9.85	3.91175
-9.86	3.91154
-9.87	3.91132
-9.88	3.91111
-9.89	3.91089
-9.9	3.91068
-9.91	3.91046
-9.92	3.91025
-9.93	3.91004
-9.94	3.90982
-9.95	3.90961
-9.96	3.9094
-9.97	3.90919
-9.98	3.90898
-9.99	3.90877
-10	3.90856
-10.01	3.90835
-10.02	3.90814
-10.03	3.90793
-10.04	3.90772
-10.05	3.90752
-10.06	3.90731
-10.07	3.9071
-10.08	3.90689
-10.09	3.90669
-10.1	3.90648
-10.11	3.90628
-10.12	3.90607
-10.13	3.90587
-10.14	3.90567
-10.15	3.90546
-10.16	3.90526
-10.17	3.90506
-10.18	3.90485
-10.19	3.90465
-10.2	3.90445
-10.21	3.90425
-10.22	3.90405
-10.23	3.90385
-10.24	3.90365
-10.25	3.90345
-10.26	3.90325
-10.27	3.90305
-10.28	3.90285
-10.29	3.90266
-10.3	3.90246
-10.31	3.90226
-10.32	3.90207
-10.33	3.90187
-10.34	3.90167
-10.35	3.90148
-10.36	3.90128
-10.37	3.90109
-10.38	3.90089
-10.39	3.9007
-10.4	3.90051
-10.41	3.90031
-10.42	3.90012
-10.43	3.89993
-10.44	3.89974
-10.45	3.89955
-10.46	3.89936
-10.47	3.89916
-10.48	3.89897
-10.49	3.89878
-10.5	3.89859
-10.51	3.89841
-10.52	3.89822
-10.53	3.89803
-10.54	3.89784
-10.55	3.89765
-10.56	3.89747
-10.57	3.89728
-10.58	3.89709
-10.59	3.89691
-10.6	3.89672
-10.61	3.89653
-10.62	3.89635
-10.63	3.89616
-10.64	3.89598
-10.65	3.8958
-10.66	3.89561
-10.67	3.89543
-10.68	3.89525
-10.69	3.89506
-10.7	3.89488
-10.71	3.8947
-10.72	3.89452
-10.73	3.89434
-10.74	3.89416
-10.75	3.89398
-10.76	3.8938
-10.77	3.89362
-10.78	3.89344
-10.79	3.89326
-10.8	3.89308
-10.81	3.8929
-10.82	3.89272
-10.83	3.89254
-10.84	3.89237
-10.85	3.89219
-10.86	3.89201
-10.87	3.89184
-10.88	3.89166
-10.89	3.89148
-10.9	3.89131
-10.91	3.89113
-10.92	3.89096
-10.93	3.89079
-10.94	3.89061
-10.95	3.89044
-10.96	3.89026
-10.97	3.89009
-10.98	3.88992
-10.99	3.88975
-11	3.88957
-11.01	3.8894
-11.02	3.88923
-11.03	3.88906
-11.04	3.88889
-11.05	3.88872
-11.06	3.88855
-11.07	3.88838
-11.08	3.88821
-11.09	3.88804
-11.1	3.88787
-11.11	3.8877
-11.12	3.88753
-11.13	3.88737
-11.14	3.8872
-11.15	3.88703
-11.16	3.88686
-11.17	3.8867
-11.18	3.88653
-11.19	3.88637
-11.2	3.8862
-11.21	3.88603
-11.22	3.88587
-11.23	3.8857
-11.24	3.88554
-11.25	3.88538
-11.26	3.88521
-11.27	3.88505
-11.28	3.88489
-11.29	3.88472
-11.3	3.88456
-11.31	3.8844
-11.32	3.88424
-11.33	3.88407
-11.34	3.88391
-11.35	3.88375
-11.36	3.88359
-11.37	3.88343
-11.38	3.88327
-11.39	3.88311
-11.4	3.88295
-11.41	3.88279
-11.42	3.88263
-11.43	3.88247
-11.44	3.88231
-11.45	3.88216
-11.46	3.882
-11.47	3.88184
-11.48	3.88168
-11.49	3.88153
-11.5	3.88137
-11.51	3.88121
-11.52	3.88106
-11.53	3.8809
-11.54	3.88074
-11.55	3.88059
-11.56	3.88043
-11.57	3.88028
-11.58	3.88012
-11.59	3.87997
-11.6	3.87982
-11.61	3.87966
-11.62	3.87951
-11.63	3.87935
-11.64	3.8792
-11.65	3.87905
-11.66	3.8789
-11.67	3.87874
-11.68	3.87859
-11.69	3.87844
-11.7	3.87829
-11.71	3.87814
-11.72	3.87799
-11.73	3.87784
-11.74	3.87769
-11.75	3.87754
-11.76	3.87739
-11.77	3.87724
-11.78	3.87709
-11.79	3.87694
-11.8	3.87679
-11.81	3.87664
-11.82	3.8765
-11.83	3.87635
-11.84	3.8762
-11.85	3.87605
-11.86	3.87591
-11.87	3.87576
-11.88	3.87561
-11.89	3.87547
-11.9	3.87532
-11.91	3.87517
-11.92	3.87503
-11.93	3.87488
-11.94	3.87474
-11.95	3.87459
-11.96	3.87445
-11.97	3.8743
-11.98	3.87416
-11.99	3.87402
-12	3.87387
-12.01	3.87373
-12.02	3.87359
-12.03	3.87344
-12.04	3.8733
-12.05	3.87316
-12.06	3.87302
-12.07	3.87287
-12.08	3.87273
-12.09	3.87259
-12.1	3.87245
-12.11	3.87231
-12.12	3.87217
-12.13	3.87203
-12.14	3.87189
-12.15	3.87175
-12.16	3.87161
-12.17	3.87147
-12.18	3.87133
-12.19	3.87119
-12.2	3.87105
-12.21	3.87091
-12.22	3.87078
-12.23	3.87064
-12.24	3.8705
-12.25	3.87036
-12.26	3.87022
-12.27	3.87009
-12.28	3.86995
-12.29	3.86981
-12.3	3.86968
-12.31	3.86954
-12.32	3.86941
-12.33	3.86927
-12.34	3.86913
-12.35	3.869
-12.36	3.86886
-12.37	3.86873
-12.38	3.86859
-12.39	3.86846
-12.4	3.86833
-12.41	3.86819
-12.42	3.86806
-12.43	3.86793
-12.44	3.86779
-12.45	3.86766
-12.46	3.86753
-12.47	3.86739
-12.48	3.86726
-12.49	3.86713
-12.5	3.867
-12.51	3.86687
-12.52	3.86673
-12.53	3.8666
-12.54	3.86647
-12.55	3.86634
-12.56	3.86621
-12.57	3.86608
-12.58	3.86595
-12.59	3.86582
-12.6	3.86569
-12.61	3.86556
-12.62	3.86543
-12.63	3.8653
-12.64	3.86517
-12.65	3.86504
-12.66	3.86492
-12.67	3.86479
-12.68	3.86466
-12.69	3.86453
-12.7	3.8644
-12.71	3.86428
-12.72	3.86415
-12.73	3.86402
-12.74	3.8639
-12.75	3.86377
-12.76	3.86364
-12.77	3.86352
-12.78	3.86339
-12.79	3.86326
-12.8	3.86314
-12.81	3.86301
-12.82	3.86289
-12.83	3.86276
-12.84	3.86264
-12.85	3.86251
-12.86	3.86239
-12.87	3.86227
-12.88	3.86214
-12.89	3.86202
-12.9	3.86189
-12.91	3.86177
-12.92	3.86165
-12.93	3.86152
-12.94	3.8614
-12.95	3.86128
-12.96	3.86116
-12.97	3.86103
-12.98	3.86091
-12.99	3.86079
-13	3.86067
-13.01	3.86055
-13.02	3.86043
-13.03	3.86031
-13.04	3.86018
-13.05	3.86006
-13.06	3.85994
-13.07	3.85982
-13.08	3.8597
-13.09	3.85958
-13.1	3.85946
-13.11	3.85934
-13.12	3.85922
-13.13	3.85911
-13.14	3.85899
-13.15	3.85887
-13.16	3.85875
-13.17	3.85863
-13.18	3.85851
-13.19	3.85839
-13.2	3.85828
-13.21	3.85816
-13.22	3.85804
-13.23	3.85792
-13.24	3.85781
-13.25	3.85769
-13.26	3.85757
-13.27	3.85746
-13.28	3.85734
-13.29	3.85722
-13.3	3.85711
-13.31	3.85699
-13.32	3.85688
-13.33	3.85676
-13.34	3.85665
-13.35	3.85653
-13.36	3.85642
-13.37	3.8563
-13.38	3.85619
-13.39	3.85607
-13.4	3.85596
-13.41	3.85584
-13.42	3.85573
-13.43	3.85562
-13.44	3.8555
-13.45	3.85539
-13.46	3.85528
-13.47	3.85516
-13.48	3.85505
-13.49	3.85494
-13.5	3.85483
-13.51	3.85471
-13.52	3.8546
-13.53	3.85449
-13.54	3.85438
-13.55	3.85427
-13.56	3.85415
-13.57	3.85404
-13.58	3.85393
-13.59	3.85382
-13.6	3.85371
-13.61	3.8536
-13.62	3.85349
-13.63	3.85338
-13.64	3.85327
-13.65	3.85316
-13.66	3.85305
-13.67	3.85294
-13.68	3.85283
-13.69	3.85272
-13.7	3.85261
-13.71	3.8525
-13.72	3.85239
-13.73	3.85229
-13.74	3.85218
-13.75	3.85207
-13.76	3.85196
-13.77	3.85185
-13.78	3.85174
-13.79	3.85164
-13.8	3.85153
-13.81	3.85142
-13.82	3.85132
-13.83	3.85121
-13.84	3.8511
-13.85	3.85099
-13.86	3.85089
-13.87	3.85078
-13.88	3.85068
-13.89	3.85057
-13.9	3.85046
-13.91	3.85036
-13.92	3.85025
-13.93	3.85015
-13.94	3.85004
-13.95	3.84994
-13.96	3.84983
-13.97	3.84973
-13.98	3.84962
-13.99	3.84952
-14	3.84941
-14.01	3.84931
-14.02	3.8492
-14.03	3.8491
-14.04	3.849
-14.05	3.84889
-14.06	3.84879
-14.07	3.84869
-14.08	3.84858
-14.09	3.84848
-14.1	3.84838
-14.11	3.84828
-14.12	3.84817
-14.13	3.84807
-14.14	3.84797
-14.15	3.84787
-14.16	3.84776
-14.17	3.84766
-14.18	3.84756
-14.19	3.84746
-14.2	3.84736
-14.21	3.84726
-14.22	3.84716
-14.23	3.84705
-14.24	3.84695
-14.25	3.84685
-14.26	3.84675
-14.27	3.84665
-14.28	3.84655
-14.29	3.84645
-14.3	3.84635
-14.31	3.84625
-14.32	3.84615
-14.33	3.84605
-14.34	3.84595
-14.35	3.84586
-14.36	3.84576
-14.37	3.84566
-14.38	3.84556
-14.39	3.84546
-14.4	3.84536
-14.41	3.84526
-14.42	3.84517
-14.43	3.84507
-14.44	3.84497
-14.45	3.84487
-14.46	3.84477
-14.47	3.84468
-14.48	3.84458
-14.49	3.84448
-14.5	3.84438
-14.51	3.84429
-14.52	3.84419
-14.53	3.84409
-14.54	3.844
-14.55	3.8439
-14.56	3.84381
-14.57	3.84371
-14.58	3.84361
-14.59	3.84352
-14.6	3.84342
-14.61	3.84333
-14.62	3.84323
-14.63	3.84314
-14.64	3.84304
-14.65	3.84295
-14.66	3.84285
-14.67	3.84276
-14.68	3.84266
-14.69	3.84257
-14.7	3.84247
-14.71	3.84238
-14.72	3.84228
-14.73	3.84219
-14.74	3.8421
-14.75	3.842
-14.76	3.84191
-14.77	3.84182
-14.78	3.84172
-14.79	3.84163
-14.8	3.84154
-14.81	3.84144
-14.82	3.84135
-14.83	3.84126
-14.84	3.84117
-14.85	3.84107
-14.86	3.84098
-14.87	3.84089
-14.88	3.8408
-14.89	3.8407
-14.9	3.84061
-14.91	3.84052
-14.92	3.84043
-14.93	3.84034
-14.94	3.84025
-14.95	3.84016
-14.96	3.84006
-14.97	3.83997
-14.98	3.83988
-14.99	3.83979
-15	3.8397
-15.01	3.83961
-15.02	3.83952
-15.03	3.83943
-15.04	3.83934
-15.05	3.83925
-15.06	3.83916
-15.07	3.83907
-15.08	3.83898
-15.09	3.83889
-15.1	3.8388
-15.11	3.83871
-15.12	3.83863
-15.13	3.83854
-15.14	3.83845
-15.15	3.83836
-15.16	3.83827
-15.17	3.83818
-15.18	3.83809
-15.19	3.83801
-15.2	3.83792
-15.21	3.83783
-15.22	3.83774
-15.23	3.83765
-15.24	3.83757
-15.25	3.83748
-15.26	3.83739
-15.27	3.8373
-15.28	3.83722
-15.29	3.83713
-15.3	3.83704
-15.31	3.83696
-15.32	3.83687
-15.33	3.83678
-15.34	3.8367
-15.35	3.83661
-15.36	3.83652
-15.37	3.83644
-15.38	3.83635
-15.39	3.83627
-15.4	3.83618
-15.41	3.8361
-15.42	3.83601
-15.43	3.83592
-15.44	3.83584
-15.45	3.83575
-15.46	3.83567
-15.47	3.83558
-15.48	3.8355
-15.49	3.83541
-15.5	3.83533
-15.51	3.83525
-15.52	3.83516
-15.53	3.83508
-15.54	3.83499
-15.55	3.83491
-15.56	3.83482
-15.57	3.83474
-15.58	3.83466
-15.59	3.83457
-15.6	3.83449
-15.61	3.83441
-15.62	3.83432
-15.63	3.83424
-15.64	3.83416
-15.65	3.83407
-15.66	3.83399
-15.67	3.83391
-15.68	3.83383
-15.69	3.83374
-15.7	3.83366
-15.71	3.83358
-15.72	3.8335
-15.73	3.83341
-15.74	3.83333
-15.75	3.83325
-15.76	3.83317
-15.77	3.83309
-15.78	3.83301
-15.79	3.83292
-15.8	3.83284
-15.81	3.83276
-15.82	3.83268
-15.83	3.8326
-15.84	3.83252
-15.85	3.83244
-15.86	3.83236
-15.87	3.83228
-15.88	3.8322
-15.89	3.83212
-15.9	3.83204
-15.91	3.83196
-15.92	3.83188
-15.93	3.8318
-15.94	3.83172
-15.95	3.83164
-15.96	3.83156
-15.97	3.83148
-15.98	3.8314
-15.99	3.83132
-16	3.83124
-16.01	3.83116
-16.02	3.83108
-16.03	3.831
-16.04	3.83092
-16.05	3.83084
-16.06	3.83077
-16.07	3.83069
-16.08	3.83061
-16.09	3.83053
-16.1	3.83045
-16.11	3.83037
-16.12	3.8303
-16.13	3.83022
-16.14	3.83014
-16.15	3.83006
-16.16	3.82998
-16.17	3.82991
-16.18	3.82983
-16.19	3.82975
-16.2	3.82967
-16.21	3.8296
-16.22	3.82952
-16.23	3.82944
-16.24	3.82937
-16.25	3.82929
-16.26	3.82921
-16.27	3.82914
-16.28	3.82906
-16.29	3.82898
-16.3	3.82891
-16.31	3.82883
-16.32	3.82876
-16.33	3.82868
-16.34	3.8286
-16.35	3.82853
-16.36	3.82845
-16.37	3.82838
-16.38	3.8283
-16.39	3.82823
-16.4	3.82815
-16.41	3.82807
-16.42	3.828
-16.43	3.82792
-16.44	3.82785
-16.45	3.82777
-16.46	3.8277
-16.47	3.82763
-16.48	3.82755
-16.49	3.82748
-16.5	3.8274
-16.51	3.82733
-16.52	3.82725
-16.53	3.82718
-16.54	3.82711
-16.55	3.82703
-16.56	3.82696
-16.57	3.82688
-16.58	3.82681
-16.59	3.82674
-16.6	3.82666
-16.61	3.82659
-16.62	3.82652
-16.63	3.82644
-16.64	3.82637
-16.65	3.8263
-16.66	3.82622
-16.67	3.82615
-16.68	3.82608
-16.69	3.82601
-16.7	3.82593
-16.71	3.82586
-16.72	3.82579
-16.73	3.82572
-16.74	3.82564
-16.75	3.82557
-16.76	3.8255
-16.77	3.82543
-16.78	3.82536
-16.79	3.82528
-16.8	3.82521
-16.81	3.82514
-16.82	3.82507
-16.83	3.825
-16.84	3.82493
-16.85	3.82486
-16.86	3.82478
-16.87	3.82471
-16.88	3.82464
-16.89	3.82457
-16.9	3.8245
-16.91	3.82443
-16.92	3.82436
-16.93	3.82429
-16.94	3.82422
-16.95	3.82415
-16.96	3.82408
-16.97	3.82401
-16.98	3.82394
-16.99	3.82387
-17	3.8238
-17.01	3.82373
-17.02	3.82366
-17.03	3.82359
-17.04	3.82352
-17.05	3.82345
-17.06	3.82338
-17.07	3.82331
-17.08	3.82324
-17.09	3.82317
-17.1	3.8231
-17.11	3.82303
-17.12	3.82296
-17.13	3.82289
-17.14	3.82283
-17.15	3.82276
-17.16	3.82269
-17.17	3.82262
-17.18	3.82255
-17.19	3.82248
-17.2	3.82241
-17.21	3.82235
-17.22	3.82228
-17.23	3.82221
-17.24	3.82214
-17.25	3.82207
-17.26	3.82201
-17.27	3.82194
-17.28	3.82187
-17.29	3.8218
-17.3	3.82174
-17.31	3.82167
-17.32	3.8216
-17.33	3.82153
-17.34	3.82147
-17.35	3.8214
-17.36	3.82133
-17.37	3.82127
-17.38	3.8212
-17.39	3.82113
-17.4	3.82107
-17.41	3.821
-17.42	3.82093
-17.43	3.82087
-17.44	3.8208
-17.45	3.82073
-17.46	3.82067
-17.47	3.8206
-17.48	3.82053
-17.49	3.82047
-17.5	3.8204
-17.51	3.82034
-17.52	3.82027
-17.53	3.82021
-17.54	3.82014
-17.55	3.82007
-17.56	3.82001
-17.57	3.81994
-17.58	3.81988
-17.59	3.81981
-17.6	3.81975
-17.61	3.81968
-17.62	3.81962
-17.63	3.81955
-17.64	3.81949
-17.65	3.81942
-17.66	3.81936
-17.67	3.81929
-17.68	3.81923
-17.69	3.81916
-17.7	3.8191
-17.71	3.81904
-17.72	3.81897
-17.73	3.81891
-17.74	3.81884
-17.75	3.81878
-17.76	3.81872
-17.77	3.81865
-17.78	3.81859
-17.79	3.81852
-17.8	3.81846
-17.81	3.8184
-17.82	3.81833
-17.83	3.81827
-17.84	3.81821
-17.85	3.81814
-17.86	3.81808
-17.87	3.81802
-17.88	3.81795
-17.89	3.81789
-17.9	3.81783
-17.91	3.81776
-17.92	3.8177
-17.93	3.81764
-17.94	3.81758
-17.95	3.81751
-17.96	3.81745
-17.97	3.81739
-17.98	3.81733
-17.99	3.81726
-18	3.8172
-18.01	3.81714
-18.02	3.81708
-18.03	3.81702
-18.04	3.81695
-18.05	3.81689
-18.06	3.81683
-18.07	3.81677
-18.08	3.81671
-18.09	3.81665
-18.1	3.81658
-18.11	3.81652
-18.12	3.81646
-18.13	3.8164
-18.14	3.81634
-18.15	3.81628
-18.16	3.81622
-18.17	3.81615
-18.18	3.81609
-18.19	3.81603
-18.2	3.81597
-18.21	3.81591
-18.22	3.81585
-18.23	3.81579
-18.24	3.81573
-18.25	3.81567
-18.26	3.81561
-18.27	3.81555
-18.28	3.81549
-18.29	3.81543
-18.3	3.81537
-18.31	3.81531
-18.32	3.81525
-18.33	3.81519
-18.34	3.81513
-18.35	3.81507
-18.36	3.81501
-18.37	3.81495
-18.38	3.81489
-18.39	3.81483
-18.4	3.81477
-18.41	3.81471
-18.42	3.81465
-18.43	3.81459
-18.44	3.81453
-18.45	3.81447
-18.46	3.81441
-18.47	3.81436
-18.48	3.8143
-18.49	3.81424
-18.5	3.81418
-18.51	3.81412
-18.52	3.81406
-18.53	3.814
-18.54	3.81394
-18.55	3.81389
-18.56	3.81383
-18.57	3.81377
-18.58	3.81371
-18.59	3.81365
-18.6	3.81359
-18.61	3.81354
-18.62	3.81348
-18.63	3.81342
-18.64	3.81336
-18.65	3.8133
-18.66	3.81325
-18.67	3.81319
-18.68	3.81313
-18.69	3.81307
-18.7	3.81302
-18.71	3.81296
-18.72	3.8129
-18.73	3.81284
-18.74	3.81279
-18.75	3.81273
-18.76	3.81267
-18.77	3.81261
-18.78	3.81256
-18.79	3.8125
-18.8	3.81244
-18.81	3.81239
-18.82	3.81233
-18.83	3.81227
-18.84	3.81222
-18.85	3.81216
-18.86	3.8121
-18.87	3.81205
-18.88	3.81199
-18.89	3.81193
-18.9	3.81188
-18.91	3.81182
-18.92	3.81177
-18.93	3.81171
-18.94	3.81165
-18.95	3.8116
-18.96	3.81154
-18.97	3.81149
-18.98	3.81143
-18.99	3.81137
-19	3.81132
-19.01	3.81126
-19.02	3.81121
-19.03	3.81115
-19.04	3.8111
-19.05	3.81104
-19.06	3.81098
-19.07	3.81093
-19.08	3.81087
-19.09	3.81082
-19.1	3.81076
-19.11	3.81071
-19.12	3.81065
-19.13	3.8106
-19.14	3.81054
-19.15	3.81049
-19.16	3.81043
-19.17	3.81038
-19.18	3.81033
-19.19	3.81027
-19.2	3.81022
-19.21	3.81016
-19.22	3.81011
-19.23	3.81005
-19.24	3.81
-19.25	3.80994
-19.26	3.80989
-19.27	3.80984
-19.28	3.80978
-19.29	3.80973
-19.3	3.80967
-19.31	3.80962
-19.32	3.80957
-19.33	3.80951
-19.34	3.80946
-19.35	3.80941
-19.36	3.80935
-19.37	3.8093
-19.38	3.80924
-19.39	3.80919
-19.4	3.80914
-19.41	3.80908
-19.42	3.80903
-19.43	3.80898
-19.44	3.80892
-19.45	3.80887
-19.46	3.80882
-19.47	3.80877
-19.48	3.80871
-19.49	3.80866
-19.5	3.80861
-19.51	3.80855
-19.52	3.8085
-19.53	3.80845
-19.54	3.8084
-19.55	3.80834
-19.56	3.80829
-19.57	3.80824
-19.58	3.80819
-19.59	3.80813
-19.6	3.80808
-19.61	3.80803
-19.62	3.80798
-19.63	3.80793
-19.64	3.80787
-19.65	3.80782
-19.66	3.80777
-19.67	3.80772
-19.68	3.80767
-19.69	3.80761
-19.7	3.80756
-19.71	3.80751
-19.72	3.80746
-19.73	3.80741
-19.74	3.80736
-19.75	3.8073
-19.76	3.80725
-19.77	3.8072
-19.78	3.80715
-19.79	3.8071
-19.8	3.80705
-19.81	3.807
-19.82	3.80695
-19.83	3.80689
-19.84	3.80684
-19.85	3.80679
-19.86	3.80674
-19.87	3.80669
-19.88	3.80664
-19.89	3.80659
-19.9	3.80654
-19.91	3.80649
-19.92	3.80644
-19.93	3.80639
-19.94	3.80634
-19.95	3.80629
-19.96	3.80624
-19.97	3.80619
-19.98	3.80614
-19.99	3.80609
-20	3.80604
-20.01	3.80598
-20.02	3.80593
-20.03	3.80588
-20.04	3.80584
-20.05	3.80579
-20.06	3.80574
-20.07	3.80569
-20.08	3.80564
-20.09	3.80559
-20.1	3.80554
-20.11	3.80549
-20.12	3.80544
-20.13	3.80539
-20.14	3.80534
-20.15	3.80529
-20.16	3.80524
-20.17	3.80519
-20.18	3.80514
-20.19	3.80509
-20.2	3.80504
-20.21	3.80499
-20.22	3.80494
-20.23	3.8049
-20.24	3.80485
-20.25	3.8048
-20.26	3.80475
-20.27	3.8047
-20.28	3.80465
-20.29	3.8046
-20.3	3.80455
-20.31	3.80451
-20.32	3.80446
-20.33	3.80441
-20.34	3.80436
-20.35	3.80431
-20.36	3.80426
-20.37	3.80421
-20.38	3.80417
-20.39	3.80412
-20.4	3.80407
-20.41	3.80402
-20.42	3.80397
-20.43	3.80393
-20.44	3.80388
-20.45	3.80383
-20.46	3.80378
-20.47	3.80373
-20.48	3.80369
-20.49	3.80364
-20.5	3.80359
-20.51	3.80354
-20.52	3.8035
-20.53	3.80345
-20.54	3.8034
-20.55	3.80335
-20.56	3.80331
-20.57	3.80326
-20.58	3.80321
-20.59	3.80316
-20.6	3.80312
-20.61	3.80307
-20.62	3.80302
-20.63	3.80298
-20.64	3.80293
-20.65	3.80288
-20.66	3.80283
-20.67	3.80279
-20.68	3.80274
-20.69	3.80269
-20.7	3.80265
-20.71	3.8026
-20.72	3.80255
-20.73	3.80251
-20.74	3.80246
-20.75	3.80241
-20.76	3.80237
-20.77	3.80232
-20.78	3.80227
-20.79	3.80223
-20.8	3.80218
-20.81	3.80214
-20.82	3.80209
-20.83	3.80204
-20.84	3.802
-20.85	3.80195
-20.86	3.80191
-20.87	3.80186
-20.88	3.80181
-20.89	3.80177
-20.9	3.80172
-20.91	3.80168
-20.92	3.80163
-20.93	3.80158
-20.94	3.80154
-20.95	3.80149
-20.96	3.80145
-20.97	3.8014
-20.98	3.80136
-20.99	3.80131
-21	3.80127
-21.01	3.80122
-21.02	3.80118
-21.03	3.80113
-21.04	3.80108
-21.05	3.80104
-21.06	3.80099
-21.07	3.80095
-21.08	3.8009
-21.09	3.80086
-21.1	3.80081
-21.11	3.80077
-21.12	3.80072
-21.13	3.80068
-21.14	3.80064
-21.15	3.80059
-21.16	3.80055
-21.17	3.8005
-21.18	3.80046
-21.19	3.80041
-21.2	3.80037
-21.21	3.80032
-21.22	3.80028
-21.23	3.80023
-21.24	3.80019
-21.25	3.80015
-21.26	3.8001
-21.27	3.80006
-21.28	3.80001
-21.29	3.79997
-21.3	3.79992
-21.31	3.79988
-21.32	3.79984
-21.33	3.79979
-21.34	3.79975
-21.35	3.7997
-21.36	3.79966
-21.37	3.79962
-21.38	3.79957
-21.39	3.79953
-21.4	3.79949
-21.41	3.79944
-21.42	3.7994
-21.43	3.79936
-21.44	3.79931
-21.45	3.79927
-21.46	3.79922
-21.47	3.79918
-21.48	3.79914
-21.49	3.79909
-21.5	3.79905
-21.51	3.79901
-21.52	3.79896
-21.53	3.79892
-21.54	3.79888
-21.55	3.79884
-21.56	3.79879
-21.57	3.79875
-21.58	3.79871
-21.59	3.79866
-21.6	3.79862
-21.61	3.79858
-21.62	3.79854
-21.63	3.79849
-21.64	3.79845
-21.65	3.79841
-21.66	3.79836
-21.67	3.79832
-21.68	3.79828
-21.69	3.79824
-21.7	3.79819
-21.71	3.79815
-21.72	3.79811
-21.73	3.79807
-21.74	3.79803
-21.75	3.79798
-21.76	3.79794
-21.77	3.7979
-21.78	3.79786
-21.79	3.79781
-21.8	3.79777
-21.81	3.79773
-21.82	3.79769
-21.83	3.79765
-21.84	3.7976
-21.85	3.79756
-21.86	3.79752
-21.87	3.79748
-21.88	3.79744
-21.89	3.7974
-21.9	3.79735
-21.91	3.79731
-21.92	3.79727
-21.93	3.79723
-21.94	3.79719
-21.95	3.79715
-21.96	3.7971
-21.97	3.79706
-21.98	3.79702
-21.99	3.79698
-22	3.79694
-22.01	3.7969
-22.02	3.79686
-22.03	3.79682
-22.04	3.79677
-22.05	3.79673
-22.06	3.79669
-22.07	3.79665
-22.08	3.79661
-22.09	3.79657
-22.1	3.79653
-22.11	3.79649
-22.12	3.79645
-22.13	3.79641
-22.14	3.79637
-22.15	3.79632
-22.16	3.79628
-22.17	3.79624
-22.18	3.7962
-22.19	3.79616
-22.2	3.79612
-22.21	3.79608
-22.22	3.79604
-22.23	3.796
-22.24	3.79596
-22.25	3.79592
-22.26	3.79588
-22.27	3.79584
-22.28	3.7958
-22.29	3.79576
-22.3	3.79572
-22.31	3.79568
-22.32	3.79564
-22.33	3.7956
-22.34	3.79556
-22.35	3.79552
-22.36	3.79548
-22.37	3.79544
-22.38	3.7954
-22.39	3.79536
-22.4	3.79532
-22.41	3.79528
-22.42	3.79524
-22.43	3.7952
-22.44	3.79516
-22.45	3.79512
-22.46	3.79508
-22.47	3.79504
-22.48	3.795
-22.49	3.79496
-22.5	3.79492
-22.51	3.79488
-22.52	3.79484
-22.53	3.7948
-22.54	3.79477
-22.55	3.79473
-22.56	3.79469
-22.57	3.79465
-22.58	3.79461
-22.59	3.79457
-22.6	3.79453
-22.61	3.79449
-22.62	3.79445
-22.63	3.79441
-22.64	3.79437
-22.65	3.79434
-22.66	3.7943
-22.67	3.79426
-22.68	3.79422
-22.69	3.79418
-22.7	3.79414
-22.71	3.7941
-22.72	3.79406
-22.73	3.79403
-22.74	3.79399
-22.75	3.79395
-22.76	3.79391
-22.77	3.79387
-22.78	3.79383
-22.79	3.79379
-22.8	3.79376
-22.81	3.79372
-22.82	3.79368
-22.83	3.79364
-22.84	3.7936
-22.85	3.79356
-22.86	3.79353
-22.87	3.79349
-22.88	3.79345
-22.89	3.79341
-22.9	3.79337
-22.91	3.79334
-22.92	3.7933
-22.93	3.79326
-22.94	3.79322
-22.95	3.79318
-22.96	3.79315
-22.97	3.79311
-22.98	3.79307
-22.99	3.79303
-23	3.793
-23.01	3.79296
-23.02	3.79292
-23.03	3.79288
-23.04	3.79285
-23.05	3.79281
-23.06	3.79277
-23.07	3.79273
-23.08	3.7927
-23.09	3.79266
-23.1	3.79262
-23.11	3.79258
-23.12	3.79255
-23.13	3.79251
-23.14	3.79247
-23.15	3.79243
-23.16	3.7924
-23.17	3.79236
-23.18	3.79232
-23.19	3.79229
-23.2	3.79225
-23.21	3.79221
-23.22	3.79217
-23.23	3.79214
-23.24	3.7921
-23.25	3.79206
-23.26	3.79203
-23.27	3.79199
-23.28	3.79195
-23.29	3.79192
-23.3	3.79188
-23.31	3.79184
-23.32	3.79181
-23.33	3.79177
-23.34	3.79173
-23.35	3.7917
-23.36	3.79166
-23.37	3.79162
-23.38	3.79159
-23.39	3.79155
-23.4	3.79151
-23.41	3.79148
-23.42	3.79144
-23.43	3.79141
-23.44	3.79137
-23.45	3.79133
-23.46	3.7913
-23.47	3.79126
-23.48	3.79122
-23.49	3.79119
-23.5	3.79115
-23.51	3.79112
-23.52	3.79108
-23.53	3.79104
-23.54	3.79101
-23.55	3.79097
-23.56	3.79094
-23.57	3.7909
-23.58	3.79086
-23.59	3.79083
-23.6	3.79079
-23.61	3.79076
-23.62	3.79072
-23.63	3.79069
-23.64	3.79065
-23.65	3.79061
-23.66	3.79058
-23.67	3.79054
-23.68	3.79051
-23.69	3.79047
-23.7	3.79044
-23.71	3.7904
-23.72	3.79037
-23.73	3.79033
-23.74	3.7903
-23.75	3.79026
-23.76	3.79022
-23.77	3.79019
-23.78	3.79015
-23.79	3.79012
-23.8	3.79008
-23.81	3.79005
-23.82	3.79001
-23.83	3.78998
-23.84	3.78994
-23.85	3.78991
-23.86	3.78987
-23.87	3.78984
-23.88	3.7898
-23.89	3.78977
-23.9	3.78973
-23.91	3.7897
-23.92	3.78966
-23.93	3.78963
-23.94	3.78959
-23.95	3.78956
-23.96	3.78953
-23.97	3.78949
-23.98	3.78946
-23.99	3.78942
-24	3.78939
-24.01	3.78935
-24.02	3.78932
-24.03	3.78928
-24.04	3.78925
-24.05	3.78921
-24.06	3.78918
-24.07	3.78915
-24.08	3.78911
-24.09	3.78908
-24.1	3.78904
-24.11	3.78901
-24.12	3.78897
-24.13	3.78894
-24.14	3.78891
-24.15	3.78887
-24.16	3.78884
-24.17	3.7888
-24.18	3.78877
-24.19	3.78874
-24.2	3.7887
-24.21	3.78867
-24.22	3.78863
-24.23	3.7886
-24.24	3.78857
-24.25	3.78853
-24.26	3.7885
-24.27	3.78846
-24.28	3.78843
-24.29	3.7884
-24.3	3.78836
-24.31	3.78833
-24.32	3.7883
-24.33	3.78826
-24.34	3.78823
-24.35	3.7882
-24.36	3.78816
-24.37	3.78813
-24.38	3.78809
-24.39	3.78806
-24.4	3.78803
-24.41	3.78799
-24.42	3.78796
-24.43	3.78793
-24.44	3.78789
-24.45	3.78786
-24.46	3.78783
-24.47	3.78779
-24.48	3.78776
-24.49	3.78773
-24.5	3.7877
-24.51	3.78766
-24.52	3.78763
-24.53	3.7876
-24.54	3.78756
-24.55	3.78753
-24.56	3.7875
-24.57	3.78746
-24.58	3.78743
-24.59	3.7874
-24.6	3.78736
-24.61	3.78733
-24.62	3.7873
-24.63	3.78727
-24.64	3.78723
-24.65	3.7872
-24.66	3.78717
-24.67	3.78714
-24.68	3.7871
-24.69	3.78707
-24.7	3.78704
-24.71	3.78701
-24.72	3.78697
-24.73	3.78694
-24.74	3.78691
-24.75	3.78688
-24.76	3.78684
-24.77	3.78681
-24.78	3.78678
-24.79	3.78675
-24.8	3.78671
-24.81	3.78668
-24.82	3.78665
-24.83	3.78662
-24.84	3.78658
-24.85	3.78655
-24.86	3.78652
-24.87	3.78649
-24.88	3.78646
-24.89	3.78642
-24.9	3.78639
-24.91	3.78636
-24.92	3.78633
-24.93	3.7863
-24.94	3.78626
-24.95	3.78623
-24.96	3.7862
-24.97	3.78617
-24.98	3.78614
-24.99	3.7861
-25	3.78607
-25.01	3.78604
-25.02	3.78601
-25.03	3.78598
-25.04	3.78594
-25.05	3.78591
-25.06	3.78588
-25.07	3.78585
-25.08	3.78582
-25.09	3.78579
-25.1	3.78576
-25.11	3.78572
-25.12	3.78569
-25.13	3.78566
-25.14	3.78563
-25.15	3.7856
-25.16	3.78557
-25.17	3.78554
-25.18	3.7855
-25.19	3.78547
-25.2	3.78544
-25.21	3.78541
-25.22	3.78538
-25.23	3.78535
-25.24	3.78532
-25.25	3.78528
-25.26	3.78525
-25.27	3.78522
-25.28	3.78519
-25.29	3.78516
-25.3	3.78513
-25.31	3.7851
-25.32	3.78507
-25.33	3.78504
-25.34	3.78501
-25.35	3.78497
-25.36	3.78494
-25.37	3.78491
-25.38	3.78488
-25.39	3.78485
-25.4	3.78482
-25.41	3.78479
-25.42	3.78476
-25.43	3.78473
-25.44	3.7847
-25.45	3.78467
-25.46	3.78464
-25.47	3.78461
-25.48	3.78457
-25.49	3.78454
-25.5	3.78451
-25.51	3.78448
-25.52	3.78445
-25.53	3.78442
-25.54	3.78439
-25.55	3.78436
-25.56	3.78433
-25.57	3.7843
-25.58	3.78427
-25.59	3.78424
-25.6	3.78421
-25.61	3.78418
-25.62	3.78415
-25.63	3.78412
-25.64	3.78409
-25.65	3.78406
-25.66	3.78403
-25.67	3.784
-25.68	3.78397
-25.69	3.78394
-25.7	3.78391
-25.71	3.78388
-25.72	3.78385
-25.73	3.78382
-25.74	3.78379
-25.75	3.78376
-25.76	3.78373
-25.77	3.7837
-25.78	3.78367
-25.79	3.78364
-25.8	3.78361
-25.81	3.78358
-25.82	3.78355
-25.83	3.78352
-25.84	3.78349
-25.85	3.78346
-25.86	3.78343
-25.87	3.7834
-25.88	3.78337
-25.89	3.78334
-25.9	3.78331
-25.91	3.78328
-25.92	3.78325
-25.93	3.78322
-25.94	3.78319
-25.95	3.78316
-25.96	3.78313
-25.97	3.7831
-25.98	3.78308
-25.99	3.78305
-26	3.78302
-26.01	3.78299
-26.02	3.78296
-26.03	3.78293
-26.04	3.7829
-26.05	3.78287
-26.06	3.78284
-26.07	3.78281
-26.08	3.78278
-26.09	3.78275
-26.1	3.78272
-26.11	3.78269
-26.12	3.78267
-26.13	3.78264
-26.14	3.78261
-26.15	3.78258
-26.16	3.78255
-26.17	3.78252
-26.18	3.78249
-26.19	3.78246
-26.2	3.78243
-26.21	3.7824
-26.22	3.78238
-26.23	3.78235
-26.24	3.78232
-26.25	3.78229
-26.26	3.78226
-26.27	3.78223
-26.28	3.7822
-26.29	3.78217
-26.3	3.78215
-26.31	3.78212
-26.32	3.78209
-26.33	3.78206
-26.34	3.78203
-26.35	3.782
-26.36	3.78197
-26.37	3.78195
-26.38	3.78192
-26.39	3.78189
-26.4	3.78186
-26.41	3.78183
-26.42	3.7818
-26.43	3.78177
-26.44	3.78175
-26.45	3.78172
-26.46	3.78169
-26.47	3.78166
-26.48	3.78163
-26.49	3.7816
-26.5	3.78158
-26.51	3.78155
-26.52	3.78152
-26.53	3.78149
-26.54	3.78146
-26.55	3.78144
-26.56	3.78141
-26.57	3.78138
-26.58	3.78135
-26.59	3.78132
-26.6	3.7813
-26.61	3.78127
-26.62	3.78124
-26.63	3.78121
-26.64	3.78118
-26.65	3.78116
-26.66	3.78113
-26.67	3.7811
-26.68	3.78107
-26.69	3.78104
-26.7	3.78102
-26.71	3.78099
-26.72	3.78096
-26.73	3.78093
-26.74	3.7809
-26.75	3.78088
-26.76	3.78085
-26.77	3.78082
-26.78	3.78079
-26.79	3.78077
-26.8	3.78074
-26.81	3.78071
-26.82	3.78068
-26.83	3.78066
-26.84	3.78063
-26.85	3.7806
-26.86	3.78057
-26.87	3.78055
-26.88	3.78052
-26.89	3.78049
-26.9	3.78046
-26.91	3.78044
-26.92	3.78041
-26.93	3.78038
-26.94	3.78035
-26.95	3.78033
-26.96	3.7803
-26.97	3.78027
-26.98	3.78025
-26.99	3.78022
-27	3.78019
-27.01	3.78016
-27.02	3.78014
-27.03	3.78011
-27.04	3.78008
-27.05	3.78006
-27.06	3.78003
-27.07	3.78
-27.08	3.77997
-27.09	3.77995
-27.1	3.77992
-27.11	3.77989
-27.12	3.77987
-27.13	3.77984
-27.14	3.77981
-27.15	3.77979
-27.16	3.77976
-27.17	3.77973
-27.18	3.7797
-27.19	3.77968
-27.2	3.77965
-27.21	3.77962
-27.22	3.7796
-27.23	3.77957
-27.24	3.77954
-27.25	3.77952
-27.26	3.77949
-27.27	3.77946
-27.28	3.77944
-27.29	3.77941
-27.3	3.77938
-27.31	3.77936
-27.32	3.77933
-27.33	3.7793
-27.34	3.77928
-27.35	3.77925
-27.36	3.77922
-27.37	3.7792
-27.38	3.77917
-27.39	3.77915
-27.4	3.77912
-27.41	3.77909
-27.42	3.77907
-27.43	3.77904
-27.44	3.77901
-27.45	3.77899
-27.46	3.77896
-27.47	3.77893
-27.48	3.77891
-27.49	3.77888
-27.5	3.77886
-27.51	3.77883
-27.52	3.7788
-27.53	3.77878
-27.54	3.77875
-27.55	3.77873
-27.56	3.7787
-27.57	3.77867
-27.58	3.77865
-27.59	3.77862
-27.6	3.7786
-27.61	3.77857
-27.62	3.77854
-27.63	3.77852
-27.64	3.77849
-27.65	3.77847
-27.66	3.77844
-27.67	3.77841
-27.68	3.77839
-27.69	3.77836
-27.7	3.77834
-27.71	3.77831
-27.72	3.77828
-27.73	3.77826
-27.74	3.77823
-27.75	3.77821
-27.76	3.77818
-27.77	3.77816
-27.78	3.77813
-27.79	3.7781
-27.8	3.77808
-27.81	3.77805
-27.82	3.77803
-27.83	3.778
-27.84	3.77798
-27.85	3.77795
-27.86	3.77793
-27.87	3.7779
-27.88	3.77787
-27.89	3.77785
-27.9	3.77782
-27.91	3.7778
-27.92	3.77777
-27.93	3.77775
-27.94	3.77772
-27.95	3.7777
-27.96	3.77767
-27.97	3.77765
-27.98	3.77762
-27.99	3.7776
-28	3.77757
-28.01	3.77754
-28.02	3.77752
-28.03	3.77749
-28.04	3.77747
-28.05	3.77744
-28.06	3.77742
-28.07	3.77739
-28.08	3.77737
-28.09	3.77734
-28.1	3.77732
-28.11	3.77729
-28.12	3.77727
-28.13	3.77724
-28.14	3.77722
-28.15	3.77719
-28.16	3.77717
-28.17	3.77714
-28.18	3.77712
-28.19	3.77709
-28.2	3.77707
-28.21	3.77704
-28.22	3.77702
-28.23	3.77699
-28.24	3.77697
-28.25	3.77694
-28.26	3.77692
-28.27	3.77689
-28.28	3.77687
-28.29	3.77685
-28.3	3.77682
-28.31	3.7768
-28.32	3.77677
-28.33	3.77675
-28.34	3.77672
-28.35	3.7767
-28.36	3.77667
-28.37	3.77665
-28.38	3.77662
-28.39	3.7766
-28.4	3.77657
-28.41	3.77655
-28.42	3.77653
-28.43	3.7765
-28.44	3.77648
-28.45	3.77645
-28.46	3.77643
-28.47	3.7764
-28.48	3.77638
-28.49	3.77635
-28.5	3.77633
-28.51	3.77631
-28.52	3.77628
-28.53	3.77626
-28.54	3.77623
-28.55	3.77621
-28.56	3.77618
-28.57	3.77616
-28.58	3.77614
-28.59	3.77611
-28.6	3.77609
-28.61	3.77606
-28.62	3.77604
-28.63	3.77601
-28.64	3.77599
-28.65	3.77597
-28.66	3.77594
-28.67	3.77592
-28.68	3.77589
-28.69	3.77587
-28.7	3.77585
-28.71	3.77582
-28.72	3.7758
-28.73	3.77577
-28.74	3.77575
-28.75	3.77573
-28.76	3.7757
-28.77	3.77568
-28.78	3.77565
-28.79	3.77563
-28.8	3.77561
-28.81	3.77558
-28.82	3.77556
-28.83	3.77554
-28.84	3.77551
-28.85	3.77549
-28.86	3.77546
-28.87	3.77544
-28.88	3.77542
-28.89	3.77539
-28.9	3.77537
-28.91	3.77535
-28.92	3.77532
-28.93	3.7753
-28.94	3.77527
-28.95	3.77525
-28.96	3.77523
-28.97	3.7752
-28.98	3.77518
-28.99	3.77516
-29	3.77513
-29.01	3.77511
-29.02	3.77509
-29.03	3.77506
-29.04	3.77504
-29.05	3.77502
-29.06	3.77499
-29.07	3.77497
-29.08	3.77495
-29.09	3.77492
-29.1	3.7749
-29.11	3.77488
-29.12	3.77485
-29.13	3.77483
-29.14	3.77481
-29.15	3.77478
-29.16	3.77476
-29.17	3.77474
-29.18	3.77471
-29.19	3.77469
-29.2	3.77467
-29.21	3.77464
-29.22	3.77462
-29.23	3.7746
-29.24	3.77457
-29.25	3.77455
-29.26	3.77453
-29.27	3.7745
-29.28	3.77448
-29.29	3.77446
-29.3	3.77443
-29.31	3.77441
-29.32	3.77439
-29.33	3.77437
-29.34	3.77434
-29.35	3.77432
-29.36	3.7743
-29.37	3.77427
-29.38	3.77425
-29.39	3.77423
-29.4	3.7742
-29.41	3.77418
-29.42	3.77416
-29.43	3.77414
-29.44	3.77411
-29.45	3.77409
-29.46	3.77407
-29.47	3.77405
-29.48	3.77402
-29.49	3.774
-29.5	3.77398
-29.51	3.77395
-29.52	3.77393
-29.53	3.77391
-29.54	3.77389
-29.55	3.77386
-29.56	3.77384
-29.57	3.77382
-29.58	3.7738
-29.59	3.77377
-29.6	3.77375
-29.61	3.77373
-29.62	3.77371
-29.63	3.77368
-29.64	3.77366
-29.65	3.77364
-29.66	3.77362
-29.67	3.77359
-29.68	3.77357
-29.69	3.77355
-29.7	3.77353
-29.71	3.7735
-29.72	3.77348
-29.73	3.77346
-29.74	3.77344
-29.75	3.77341
-29.76	3.77339
-29.77	3.77337
-29.78	3.77335
-29.79	3.77332
-29.8	3.7733
-29.81	3.77328
-29.82	3.77326
-29.83	3.77324
-29.84	3.77321
-29.85	3.77319
-29.86	3.77317
-29.87	3.77315
-29.88	3.77312
-29.89	3.7731
-29.9	3.77308
-29.91	3.77306
-29.92	3.77304
-29.93	3.77301
-29.94	3.77299
-29.95	3.77297
-29.96	3.77295
-29.97	3.77293
-29.98	3.7729
-29.99	3.77288
-30	3.77286