x	y
30	2.1216
29.99	2.12161
29.98	2.12162
29.97	2.12163
29.96	2.12164
29.95	2.12164
29.94	2.12165
29.93	2.12166
29.92	2.12167
29.91	2.12168
29.9	2.12169
29.89	2.1217
29.88	2.12171
29.87	2.12172
29.86	2.12172
29.85	2.12173
29.84	2.12174
29.83	2.12175
29.82	2.12176
29.81	2.12177
29.8	2.12178
29.79	2.12179
29.78	2.12179
29.77	2.1218
29.76	2.12181
29.75	2.12182
29.74	2.12183
29.73	2.12184
29.72	2.12185
29.71	2.12186
29.7	2.12187
29.69	2.12187
29.68	2.12188
29.67	2.12189
29.66	2.1219
29.65	2.12191
29.64	2.12192
29.63	2.12193
29.62	2.12194
29.61	2.12195
29.6	2.12196
29.59	2.12196
29.58	2.12197
29.57	2.12198
29.56	2.12199
29.55	2.122
29.54	2.12201
29.53	2.12202
29.52	2.12203
29.51	2.12204
29.5	2.12205
29.49	2.12205
29.48	2.12206
29.47	2.12207
29.46	2.12208
29.45	2.12209
29.44	2.1221
29.43	2.12211
29.42	2.12212
29.41	2.12213
29.4	2.12214
29.39	2.12215
29.38	2.12215
29.37	2.12216
29.36	2.12217
29.35	2.12218
29.34	2.12219
29.33	2.1222
29.32	2.12221
29.31	2.12222
29.3	2.12223
29.29	2.12224
29.28	2.12225
29.27	2.12226
29.26	2.12226
29.25	2.12227
29.24	2.12228
29.23	2.12229
29.22	2.1223
29.21	2.12231
29.2	2.12232
29.19	2.12233
29.18	2.12234
29.17	2.12235
29.16	2.12236
29.15	2.12237
29.14	2.12238
29.13	2.12238
29.12	2.12239
29.11	2.1224
29.1	2.12241
29.09	2.12242
29.08	2.12243
29.07	2.12244
29.06	2.12245
29.05	2.12246
29.04	2.12247
29.03	2.12248
29.02	2.12249
29.01	2.1225
29	2.12251
28.99	2.12251
28.98	2.12252
28.97	2.12253
28.96	2.12254
28.95	2.12255
28.94	2.12256
28.93	2.12257
28.92	2.12258
28.91	2.12259
28.9	2.1226
28.89	2.12261
28.88	2.12262
28.87	2.12263
28.86	2.12264
28.85	2.12265
28.84	2.12266
28.83	2.12267
28.82	2.12268
28.81	2.12268
28.8	2.12269
28.79	2.1227
28.78	2.12271
28.77	2.12272
28.76	2.12273
28.75	2.12274
28.74	2.12275
28.73	2.12276
28.72	2.12277
28.71	2.12278
28.7	2.12279
28.69	2.1228
28.68	2.12281
28.67	2.12282
28.66	2.12283
28.65	2.12284
28.64	2.12285
28.63	2.12286
28.62	2.12287
28.61	2.12288
28.6	2.12289
28.59	2.1229
28.58	2.1229
28.57	2.12291
28.56	2.12292
28.55	2.12293
28.54	2.12294
28.53	2.12295
28.52	2.12296
28.51	2.12297
28.5	2.12298
28.49	2.12299
28.48	2.123
28.47	2.12301
28.46	2.12302
28.45	2.12303
28.44	2.12304
28.43	2.12305
28.42	2.12306
28.41	2.12307
28.4	2.12308
28.39	2.12309
28.38	2.1231
28.37	2.12311
28.36	2.12312
28.35	2.12313
28.34	2.12314
28.33	2.12315
28.32	2.12316
28.31	2.12317
28.3	2.12318
28.29	2.12319
28.28	2.1232
28.27	2.12321
28.26	2.12322
28.25	2.12323
28.24	2.12324
28.23	2.12325
28.22	2.12326
28.21	2.12327
28.2	2.12328
28.19	2.12329
28.18	2.1233
28.17	2.12331
28.16	2.12332
28.15	2.12333
28.14	2.12334
28.13	2.12335
28.12	2.12336
28.11	2.12337
28.1	2.12338
28.09	2.12339
28.08	2.1234
28.07	2.12341
28.06	2.12342
28.05	2.12343
28.04	2.12344
28.03	2.12345
28.02	2.12346
28.01	2.12347
28	2.12348
27.99	2.12349
27.98	2.1235
27.97	2.12351
27.96	2.12352
27.95	2.12353
27.94	2.12354
27.93	2.12355
27.92	2.12356
27.91	2.12357
27.9	2.12358
27.89	2.12359
27.88	2.1236
27.87	2.12361
27.86	2.12362
27.85	2.12363
27.84	2.12364
27.83	2.12365
27.82	2.12366
27.81	2.12367
27.8	2.12368
27.79	2.12369
27.78	2.1237
27.77	2.12371
27.76	2.12372
27.75	2.12373
27.74	2.12374
27.73	2.12375
27.72	2.12376
27.71	2.12377
27.7	2.12378
27.69	2.12379
27.68	2.1238
27.67	2.12381
27.66	2.12382
27.65	2.12383
27.64	2.12384
27.63	2.12385
27.62	2.12386
27.61	2.12387
27.6	2.12388
27.59	2.12389
27.58	2.1239
27.57	2.12391
27.56	2.12392
27.55	2.12394
27.54	2.12395
27.53	2.12396
27.52	2.12397
27.51	2.12398
27.5	2.12399
27.49	2.124
27.48	2.12401
27.47	2.12402
27.46	2.12403
27.45	2.12404
27.44	2.12405
27.43	2.12406
27.42	2.12407
27.41	2.12408
27.4	2.12409
27.39	2.1241
27.38	2.12411
27.37	2.12412
27.36	2.12413
27.35	2.12414
27.34	2.12416
27.33	2.12417
27.32	2.12418
27.31	2.12419
27.3	2.1242
27.29	2.12421
27.28	2.12422
27.27	2.12423
27.26	2.12424
27.25	2.12425
27.24	2.12426
27.23	2.12427
27.22	2.12428
27.21	2.12429
27.2	2.1243
27.19	2.12431
27.18	2.12432
27.17	2.12434
27.16	2.12435
27.15	2.12436
27.14	2.12437
27.13	2.12438
27.12	2.12439
27.11	2.1244
27.1	2.12441
27.09	2.12442
27.08	2.12443
27.07	2.12444
27.06	2.12445
27.05	2.12446
27.04	2.12448
27.03	2.12449
27.02	2.1245
27.01	2.12451
27	2.12452
26.99	2.12453
26.98	2.12454
26.97	2.12455
26.96	2.12456
26.95	2.12457
26.94	2.12458
26.93	2.12459
26.92	2.1246
26.91	2.12462
26.9	2.12463
26.89	2.12464
26.88	2.12465
26.87	2.12466
26.86	2.12467
26.85	2.12468
26.84	2.12469
26.83	2.1247
26.82	2.12471
26.81	2.12473
26.8	2.12474
26.79	2.12475
26.78	2.12476
26.77	2.12477
26.76	2.12478
26.75	2.12479
26.74	2.1248
26.73	2.12481
26.72	2.12482
26.71	2.12484
26.7	2.12485
26.69	2.12486
26.68	2.12487
26.67	2.12488
26.66	2.12489
26.65	2.1249
26.64	2.12491
26.63	2.12492
26.62	2.12494
26.61	2.12495
26.6	2.12496
26.59	2.12497
26.58	2.12498
26.57	2.12499
26.56	2.125
26.55	2.12501
26.54	2.12502
26.53	2.12504
26.52	2.12505
26.51	2.12506
26.5	2.12507
26.49	2.12508
26.48	2.12509
26.47	2.1251
26.46	2.12511
26.45	2.12513
26.44	2.12514
26.43	2.12515
26.42	2.12516
26.41	2.12517
26.4	2.12518
26.39	2.12519
26.38	2.1252
26.37	2.12522
26.36	2.12523
26.35	2.12524
26.34	2.12525
26.33	2.12526
26.32	2.12527
26.31	2.12528
26.3	2.1253
26.29	2.12531
26.28	2.12532
26.27	2.12533
26.26	2.12534
26.25	2.12535
26.24	2.12536
26.23	2.12538
26.22	2.12539
26.21	2.1254
26.2	2.12541
26.19	2.12542
26.18	2.12543
26.17	2.12544
26.16	2.12546
26.15	2.12547
26.14	2.12548
26.13	2.12549
26.12	2.1255
26.11	2.12551
26.1	2.12553
26.09	2.12554
26.08	2.12555
26.07	2.12556
26.06	2.12557
26.05	2.12558
26.04	2.1256
26.03	2.12561
26.02	2.12562
26.01	2.12563
26	2.12564
25.99	2.12565
25.98	2.12567
25.97	2.12568
25.96	2.12569
25.95	2.1257
25.94	2.12571
25.93	2.12572
25.92	2.12574
25.91	2.12575
25.9	2.12576
25.89	2.12577
25.88	2.12578
25.87	2.12579
25.86	2.12581
25.85	2.12582
25.84	2.12583
25.83	2.12584
25.82	2.12585
25.81	2.12587
25.8	2.12588
25.79	2.12589
25.78	2.1259
25.77	2.12591
25.76	2.12592
25.75	2.12594
25.74	2.12595
25.73	2.12596
25.72	2.12597
25.71	2.12598
25.7	2.126
25.69	2.12601
25.68	2.12602
25.67	2.12603
25.66	2.12604
25.65	2.12606
25.64	2.12607
25.63	2.12608
25.62	2.12609
25.61	2.1261
25.6	2.12612
25.59	2.12613
25.58	2.12614
25.57	2.12615
25.56	2.12616
25.55	2.12618
25.54	2.12619
25.53	2.1262
25.52	2.12621
25.51	2.12622
25.5	2.12624
25.49	2.12625
25.48	2.12626
25.47	2.12627
25.46	2.12629
25.45	2.1263
25.44	2.12631
25.43	2.12632
25.42	2.12633
25.41	2.12635
25.4	2.12636
25.39	2.12637
25.38	2.12638
25.37	2.1264
25.36	2.12641
25.35	2.12642
25.34	2.12643
25.33	2.12644
25.32	2.12646
25.31	2.12647
25.3	2.12648
25.29	2.12649
25.28	2.12651
25.27	2.12652
25.26	2.12653
25.25	2.12654
25.24	2.12656
25.23	2.12657
25.22	2.12658
25.21	2.12659
25.2	2.12661
25.19	2.12662
25.18	2.12663
25.17	2.12664
25.16	2.12666
25.15	2.12667
25.14	2.12668
25.13	2.12669
25.12	2.12671
25.11	2.12672
25.1	2.12673
25.09	2.12674
25.08	2.12676
25.07	2.12677
25.06	2.12678
25.05	2.12679
25.04	2.12681
25.03	2.12682
25.02	2.12683
25.01	2.12684
25	2.12686
24.99	2.12687
24.98	2.12688
24.97	2.12689
24.96	2.12691
24.95	2.12692
24.94	2.12693
24.93	2.12695
24.92	2.12696
24.91	2.12697
24.9	2.12698
24.89	2.127
24.88	2.12701
24.87	2.12702
24.86	2.12703
24.85	2.12705
24.84	2.12706
24.83	2.12707
24.82	2.12709
24.81	2.1271
24.8	2.12711
24.79	2.12712
24.78	2.12714
24.77	2.12715
24.76	2.12716
24.75	2.12718
24.74	2.12719
24.73	2.1272
24.72	2.12721
24.71	2.12723
24.7	2.12724
24.69	2.12725
24.68	2.12727
24.67	2.12728
24.66	2.12729
24.65	2.12731
24.64	2.12732
24.63	2.12733
24.62	2.12734
24.61	2.12736
24.6	2.12737
24.59	2.12738
24.58	2.1274
24.57	2.12741
24.56	2.12742
24.55	2.12744
24.54	2.12745
24.53	2.12746
24.52	2.12748
24.51	2.12749
24.5	2.1275
24.49	2.12751
24.48	2.12753
24.47	2.12754
24.46	2.12755
24.45	2.12757
24.44	2.12758
24.43	2.12759
24.42	2.12761
24.41	2.12762
24.4	2.12763
24.39	2.12765
24.38	2.12766
24.37	2.12767
24.36	2.12769
24.35	2.1277
24.34	2.12771
24.33	2.12773
24.32	2.12774
24.31	2.12775
24.3	2.12777
24.29	2.12778
24.28	2.12779
24.27	2.12781
24.26	2.12782
24.25	2.12783
24.24	2.12785
24.23	2.12786
24.22	2.12787
24.21	2.12789
24.2	2.1279
24.19	2.12791
24.18	2.12793
24.17	2.12794
24.16	2.12796
24.15	2.12797
24.14	2.12798
24.13	2.128
24.12	2.12801
24.11	2.12802
24.1	2.12804
24.09	2.12805
24.08	2.12806
24.07	2.12808
24.06	2.12809
24.05	2.12811
24.04	2.12812
24.03	2.12813
24.02	2.12815
24.01	2.12816
24	2.12817
23.99	2.12819
23.98	2.1282
23.97	2.12821
23.96	2.12823
23.95	2.12824
23.94	2.12826
23.93	2.12827
23.92	2.12828
23.91	2.1283
23.9	2.12831
23.89	2.12833
23.88	2.12834
23.87	2.12835
23.86	2.12837
23.85	2.12838
23.84	2.12839
23.83	2.12841
23.82	2.12842
23.81	2.12844
23.8	2.12845
23.79	2.12846
23.78	2.12848
23.77	2.12849
23.76	2.12851
23.75	2.12852
23.74	2.12853
23.73	2.12855
23.72	2.12856
23.71	2.12858
23.7	2.12859
23.69	2.1286
23.68	2.12862
23.67	2.12863
23.66	2.12865
23.65	2.12866
23.64	2.12868
23.63	2.12869
23.62	2.1287
23.61	2.12872
23.6	2.12873
23.59	2.12875
23.58	2.12876
23.57	2.12877
23.56	2.12879
23.55	2.1288
23.54	2.12882
23.53	2.12883
23.52	2.12885
23.51	2.12886
23.5	2.12887
23.49	2.12889
23.48	2.1289
23.47	2.12892
23.46	2.12893
23.45	2.12895
23.44	2.12896
23.43	2.12898
23.42	2.12899
23.41	2.129
23.4	2.12902
23.39	2.12903
23.38	2.12905
23.37	2.12906
23.36	2.12908
23.35	2.12909
23.34	2.12911
23.33	2.12912
23.32	2.12913
23.31	2.12915
23.3	2.12916
23.29	2.12918
23.28	2.12919
23.27	2.12921
23.26	2.12922
23.25	2.12924
23.24	2.12925
23.23	2.12927
23.22	2.12928
23.21	2.1293
23.2	2.12931
23.19	2.12932
23.18	2.12934
23.17	2.12935
23.16	2.12937
23.15	2.12938
23.14	2.1294
23.13	2.12941
23.12	2.12943
23.11	2.12944
23.1	2.12946
23.09	2.12947
23.08	2.12949
23.07	2.1295
23.06	2.12952
23.05	2.12953
23.04	2.12955
23.03	2.12956
23.02	2.12958
23.01	2.12959
23	2.12961
22.99	2.12962
22.98	2.12964
22.97	2.12965
22.96	2.12967
22.95	2.12968
22.94	2.1297
22.93	2.12971
22.92	2.12973
22.91	2.12974
22.9	2.12976
22.89	2.12977
22.88	2.12979
22.87	2.1298
22.86	2.12982
22.85	2.12983
22.84	2.12985
22.83	2.12986
22.82	2.12988
22.81	2.12989
22.8	2.12991
22.79	2.12992
22.78	2.12994
22.77	2.12995
22.76	2.12997
22.75	2.12999
22.74	2.13
22.73	2.13002
22.72	2.13003
22.71	2.13005
22.7	2.13006
22.69	2.13008
22.68	2.13009
22.67	2.13011
22.66	2.13012
22.65	2.13014
22.64	2.13015
22.63	2.13017
22.62	2.13019
22.61	2.1302
22.6	2.13022
22.59	2.13023
22.58	2.13025
22.57	2.13026
22.56	2.13028
22.55	2.13029
22.54	2.13031
22.53	2.13032
22.52	2.13034
22.51	2.13036
22.5	2.13037
22.49	2.13039
22.48	2.1304
22.47	2.13042
22.46	2.13043
22.45	2.13045
22.44	2.13047
22.43	2.13048
22.42	2.1305
22.41	2.13051
22.4	2.13053
22.39	2.13054
22.38	2.13056
22.37	2.13058
22.36	2.13059
22.35	2.13061
22.34	2.13062
22.33	2.13064
22.32	2.13066
22.31	2.13067
22.3	2.13069
22.29	2.1307
22.28	2.13072
22.27	2.13074
22.26	2.13075
22.25	2.13077
22.24	2.13078
22.23	2.1308
22.22	2.13082
22.21	2.13083
22.2	2.13085
22.19	2.13086
22.18	2.13088
22.17	2.1309
22.16	2.13091
22.15	2.13093
22.14	2.13094
22.13	2.13096
22.12	2.13098
22.11	2.13099
22.1	2.13101
22.09	2.13103
22.08	2.13104
22.07	2.13106
22.06	2.13107
22.05	2.13109
22.04	2.13111
22.03	2.13112
22.02	2.13114
22.01	2.13116
22	2.13117
21.99	2.13119
21.98	2.1312
21.97	2.13122
21.96	2.13124
21.95	2.13125
21.94	2.13127
21.93	2.13129
21.92	2.1313
21.91	2.13132
21.9	2.13134
21.89	2.13135
21.88	2.13137
21.87	2.13139
21.86	2.1314
21.85	2.13142
21.84	2.13144
21.83	2.13145
21.82	2.13147
21.81	2.13149
21.8	2.1315
21.79	2.13152
21.78	2.13154
21.77	2.13155
21.76	2.13157
21.75	2.13159
21.74	2.1316
21.73	2.13162
21.72	2.13164
21.71	2.13165
21.7	2.13167
21.69	2.13169
21.68	2.1317
21.67	2.13172
21.66	2.13174
21.65	2.13175
21.64	2.13177
21.63	2.13179
21.62	2.13181
21.61	2.13182
21.6	2.13184
21.59	2.13186
21.58	2.13187
21.57	2.13189
21.56	2.13191
21.55	2.13192
21.54	2.13194
21.53	2.13196
21.52	2.13198
21.51	2.13199
21.5	2.13201
21.49	2.13203
21.48	2.13204
21.47	2.13206
21.46	2.13208
21.45	2.1321
21.44	2.13211
21.43	2.13213
21.42	2.13215
21.41	2.13216
21.4	2.13218
21.39	2.1322
21.38	2.13222
21.37	2.13223
21.36	2.13225
21.35	2.13227
21.34	2.13229
21.33	2.1323
21.32	2.13232
21.31	2.13234
21.3	2.13236
21.29	2.13237
21.28	2.13239
21.27	2.13241
21.26	2.13243
21.25	2.13244
21.24	2.13246
21.23	2.13248
21.22	2.1325
21.21	2.13251
21.2	2.13253
21.19	2.13255
21.18	2.13257
21.17	2.13258
21.16	2.1326
21.15	2.13262
21.14	2.13264
21.13	2.13266
21.12	2.13267
21.11	2.13269
21.1	2.13271
21.09	2.13273
21.08	2.13274
21.07	2.13276
21.06	2.13278
21.05	2.1328
21.04	2.13282
21.03	2.13283
21.02	2.13285
21.01	2.13287
21	2.13289
20.99	2.13291
20.98	2.13292
20.97	2.13294
20.96	2.13296
20.95	2.13298
20.94	2.133
20.93	2.13301
20.92	2.13303
20.91	2.13305
20.9	2.13307
20.89	2.13309
20.88	2.13311
20.87	2.13312
20.86	2.13314
20.85	2.13316
20.84	2.13318
20.83	2.1332
20.82	2.13321
20.81	2.13323
20.8	2.13325
20.79	2.13327
20.78	2.13329
20.77	2.13331
20.76	2.13333
20.75	2.13334
20.74	2.13336
20.73	2.13338
20.72	2.1334
20.71	2.13342
20.7	2.13344
20.69	2.13345
20.68	2.13347
20.67	2.13349
20.66	2.13351
20.65	2.13353
20.64	2.13355
20.63	2.13357
20.62	2.13358
20.61	2.1336
20.6	2.13362
20.59	2.13364
20.58	2.13366
20.57	2.13368
20.56	2.1337
20.55	2.13372
20.54	2.13373
20.53	2.13375
20.52	2.13377
20.51	2.13379
20.5	2.13381
20.49	2.13383
20.48	2.13385
20.47	2.13387
20.46	2.13389
20.45	2.1339
20.44	2.13392
20.43	2.13394
20.42	2.13396
20.41	2.13398
20.4	2.134
20.39	2.13402
20.38	2.13404
20.37	2.13406
20.36	2.13408
20.35	2.1341
20.34	2.13411
20.33	2.13413
20.32	2.13415
20.31	2.13417
20.3	2.13419
20.29	2.13421
20.28	2.13423
20.27	2.13425
20.26	2.13427
20.25	2.13429
20.24	2.13431
20.23	2.13433
20.22	2.13435
20.21	2.13437
20.2	2.13439
20.19	2.1344
20.18	2.13442
20.17	2.13444
20.16	2.13446
20.15	2.13448
20.14	2.1345
20.13	2.13452
20.12	2.13454
20.11	2.13456
20.1	2.13458
20.09	2.1346
20.08	2.13462
20.07	2.13464
20.06	2.13466
20.05	2.13468
20.04	2.1347
20.03	2.13472
20.02	2.13474
20.01	2.13476
20	2.13478
19.99	2.1348
19.98	2.13482
19.97	2.13484
19.96	2.13486
19.95	2.13488
19.94	2.1349
19.93	2.13492
19.92	2.13494
19.91	2.13496
19.9	2.13498
19.89	2.135
19.88	2.13502
19.87	2.13504
19.86	2.13506
19.85	2.13508
19.84	2.1351
19.83	2.13512
19.82	2.13514
19.81	2.13516
19.8	2.13518
19.79	2.1352
19.78	2.13522
19.77	2.13524
19.76	2.13526
19.75	2.13528
19.74	2.1353
19.73	2.13532
19.72	2.13534
19.71	2.13536
19.7	2.13538
19.69	2.1354
19.68	2.13542
19.67	2.13545
19.66	2.13547
19.65	2.13549
19.64	2.13551
19.63	2.13553
19.62	2.13555
19.61	2.13557
19.6	2.13559
19.59	2.13561
19.58	2.13563
19.57	2.13565
19.56	2.13567
19.55	2.13569
19.54	2.13571
19.53	2.13574
19.52	2.13576
19.51	2.13578
19.5	2.1358
19.49	2.13582
19.48	2.13584
19.47	2.13586
19.46	2.13588
19.45	2.1359
19.44	2.13592
19.43	2.13594
19.42	2.13597
19.41	2.13599
19.4	2.13601
19.39	2.13603
19.38	2.13605
19.37	2.13607
19.36	2.13609
19.35	2.13611
19.34	2.13614
19.33	2.13616
19.32	2.13618
19.31	2.1362
19.3	2.13622
19.29	2.13624
19.28	2.13626
19.27	2.13628
19.26	2.13631
19.25	2.13633
19.24	2.13635
19.23	2.13637
19.22	2.13639
19.21	2.13641
19.2	2.13644
19.19	2.13646
19.18	2.13648
19.17	2.1365
19.16	2.13652
19.15	2.13654
19.14	2.13656
19.13	2.13659
19.12	2.13661
19.11	2.13663
19.1	2.13665
19.09	2.13667
19.08	2.1367
19.07	2.13672
19.06	2.13674
19.05	2.13676
19.04	2.13678
19.03	2.13681
19.02	2.13683
19.01	2.13685
19	2.13687
18.99	2.13689
18.98	2.13692
18.97	2.13694
18.96	2.13696
18.95	2.13698
18.94	2.137
18.93	2.13703
18.92	2.13705
18.91	2.13707
18.9	2.13709
18.89	2.13712
18.88	2.13714
18.87	2.13716
18.86	2.13718
18.85	2.1372
18.84	2.13723
18.83	2.13725
18.82	2.13727
18.81	2.13729
18.8	2.13732
18.79	2.13734
18.78	2.13736
18.77	2.13738
18.76	2.13741
18.75	2.13743
18.74	2.13745
18.73	2.13748
18.72	2.1375
18.71	2.13752
18.7	2.13754
18.69	2.13757
18.68	2.13759
18.67	2.13761
18.66	2.13763
18.65	2.13766
18.64	2.13768
18.63	2.1377
18.62	2.13773
18.61	2.13775
18.6	2.13777
18.59	2.1378
18.58	2.13782
18.57	2.13784
18.56	2.13786
18.55	2.13789
18.54	2.13791
18.53	2.13793
18.52	2.13796
18.51	2.13798
18.5	2.138
18.49	2.13803
18.48	2.13805
18.47	2.13807
18.46	2.1381
18.45	2.13812
18.44	2.13814
18.43	2.13817
18.42	2.13819
18.41	2.13821
18.4	2.13824
18.39	2.13826
18.38	2.13828
18.37	2.13831
18.36	2.13833
18.35	2.13836
18.34	2.13838
18.33	2.1384
18.32	2.13843
18.31	2.13845
18.3	2.13847
18.29	2.1385
18.28	2.13852
18.27	2.13855
18.26	2.13857
18.25	2.13859
18.24	2.13862
18.23	2.13864
18.22	2.13867
18.21	2.13869
18.2	2.13871
18.19	2.13874
18.18	2.13876
18.17	2.13879
18.16	2.13881
18.15	2.13883
18.14	2.13886
18.13	2.13888
18.12	2.13891
18.11	2.13893
18.1	2.13896
18.09	2.13898
18.08	2.139
18.07	2.13903
18.06	2.13905
18.05	2.13908
18.04	2.1391
18.03	2.13913
18.02	2.13915
18.01	2.13918
18	2.1392
17.99	2.13922
17.98	2.13925
17.97	2.13927
17.96	2.1393
17.95	2.13932
17.94	2.13935
17.93	2.13937
17.92	2.1394
17.91	2.13942
17.9	2.13945
17.89	2.13947
17.88	2.1395
17.87	2.13952
17.86	2.13955
17.85	2.13957
17.84	2.1396
17.83	2.13962
17.82	2.13965
17.81	2.13967
17.8	2.1397
17.79	2.13972
17.78	2.13975
17.77	2.13977
17.76	2.1398
17.75	2.13982
17.74	2.13985
17.73	2.13987
17.72	2.1399
17.71	2.13993
17.7	2.13995
17.69	2.13998
17.68	2.14
17.67	2.14003
17.66	2.14005
17.65	2.14008
17.64	2.1401
17.63	2.14013
17.62	2.14016
17.61	2.14018
17.6	2.14021
17.59	2.14023
17.58	2.14026
17.57	2.14028
17.56	2.14031
17.55	2.14034
17.54	2.14036
17.53	2.14039
17.52	2.14041
17.51	2.14044
17.5	2.14047
17.49	2.14049
17.48	2.14052
17.47	2.14054
17.46	2.14057
17.45	2.1406
17.44	2.14062
17.43	2.14065
17.42	2.14068
17.41	2.1407
17.4	2.14073
17.39	2.14075
17.38	2.14078
17.37	2.14081
17.36	2.14083
17.35	2.14086
17.34	2.14089
17.33	2.14091
17.32	2.14094
17.31	2.14097
17.3	2.14099
17.29	2.14102
17.28	2.14105
17.27	2.14107
17.26	2.1411
17.25	2.14113
17.24	2.14115
17.23	2.14118
17.22	2.14121
17.21	2.14123
17.2	2.14126
17.19	2.14129
17.18	2.14132
17.17	2.14134
17.16	2.14137
17.15	2.1414
17.14	2.14142
17.13	2.14145
17.12	2.14148
17.11	2.14151
17.1	2.14153
17.09	2.14156
17.08	2.14159
17.07	2.14162
17.06	2.14164
17.05	2.14167
17.04	2.1417
17.03	2.14173
17.02	2.14175
17.01	2.14178
17	2.14181
16.99	2.14184
16.98	2.14186
16.97	2.14189
16.96	2.14192
16.95	2.14195
16.94	2.14197
16.93	2.142
16.92	2.14203
16.91	2.14206
16.9	2.14209
16.89	2.14211
16.88	2.14214
16.87	2.14217
16.86	2.1422
16.85	2.14223
16.84	2.14225
16.83	2.14228
16.82	2.14231
16.81	2.14234
16.8	2.14237
16.79	2.1424
16.78	2.14242
16.77	2.14245
16.76	2.14248
16.75	2.14251
16.74	2.14254
16.73	2.14257
16.72	2.14259
16.71	2.14262
16.7	2.14265
16.69	2.14268
16.68	2.14271
16.67	2.14274
16.66	2.14277
16.65	2.1428
16.64	2.14282
16.63	2.14285
16.62	2.14288
16.61	2.14291
16.6	2.14294
16.59	2.14297
16.58	2.143
16.57	2.14303
16.56	2.14306
16.55	2.14309
16.54	2.14312
16.53	2.14314
16.52	2.14317
16.51	2.1432
16.5	2.14323
16.49	2.14326
16.48	2.14329
16.47	2.14332
16.46	2.14335
16.45	2.14338
16.44	2.14341
16.43	2.14344
16.42	2.14347
16.41	2.1435
16.4	2.14353
16.39	2.14356
16.38	2.14359
16.37	2.14362
16.36	2.14365
16.35	2.14368
16.34	2.14371
16.33	2.14374
16.32	2.14377
16.31	2.1438
16.3	2.14383
16.29	2.14386
16.28	2.14389
16.27	2.14392
16.26	2.14395
16.25	2.14398
16.24	2.14401
16.23	2.14404
16.22	2.14407
16.21	2.1441
16.2	2.14413
16.19	2.14416
16.18	2.14419
16.17	2.14422
16.16	2.14425
16.15	2.14428
16.14	2.14431
16.13	2.14434
16.12	2.14438
16.11	2.14441
16.1	2.14444
16.09	2.14447
16.08	2.1445
16.07	2.14453
16.06	2.14456
16.05	2.14459
16.04	2.14462
16.03	2.14465
16.02	2.14468
16.01	2.14472
16	2.14475
15.99	2.14478
15.98	2.14481
15.97	2.14484
15.96	2.14487
15.95	2.1449
15.94	2.14494
15.93	2.14497
15.92	2.145
15.91	2.14503
15.9	2.14506
15.89	2.14509
15.88	2.14513
15.87	2.14516
15.86	2.14519
15.85	2.14522
15.84	2.14525
15.83	2.14528
15.82	2.14532
15.81	2.14535
15.8	2.14538
15.79	2.14541
15.78	2.14544
15.77	2.14548
15.76	2.14551
15.75	2.14554
15.74	2.14557
15.73	2.14561
15.72	2.14564
15.71	2.14567
15.7	2.1457
15.69	2.14574
15.68	2.14577
15.67	2.1458
15.66	2.14583
15.65	2.14587
15.64	2.1459
15.63	2.14593
15.62	2.14596
15.61	2.146
15.6	2.14603
15.59	2.14606
15.58	2.1461
15.57	2.14613
15.56	2.14616
15.55	2.1462
15.54	2.14623
15.53	2.14626
15.52	2.1463
15.51	2.14633
15.5	2.14636
15.49	2.1464
15.48	2.14643
15.47	2.14646
15.46	2.1465
15.45	2.14653
15.44	2.14656
15.43	2.1466
15.42	2.14663
15.41	2.14666
15.4	2.1467
15.39	2.14673
15.38	2.14677
15.37	2.1468
15.36	2.14683
15.35	2.14687
15.34	2.1469
15.33	2.14694
15.32	2.14697
15.31	2.147
15.3	2.14704
15.29	2.14707
15.28	2.14711
15.27	2.14714
15.26	2.14718
15.25	2.14721
15.24	2.14724
15.23	2.14728
15.22	2.14731
15.21	2.14735
15.2	2.14738
15.19	2.14742
15.18	2.14745
15.17	2.14749
15.16	2.14752
15.15	2.14756
15.14	2.14759
15.13	2.14763
15.12	2.14766
15.11	2.1477
15.1	2.14773
15.09	2.14777
15.08	2.1478
15.07	2.14784
15.06	2.14787
15.05	2.14791
15.04	2.14794
15.03	2.14798
15.02	2.14802
15.01	2.14805
15	2.14809
14.99	2.14812
14.98	2.14816
14.97	2.14819
14.96	2.14823
14.95	2.14827
14.94	2.1483
14.93	2.14834
14.92	2.14837
14.91	2.14841
14.9	2.14845
14.89	2.14848
14.88	2.14852
14.87	2.14855
14.86	2.14859
14.85	2.14863
14.84	2.14866
14.83	2.1487
14.82	2.14874
14.81	2.14877
14.8	2.14881
14.79	2.14885
14.78	2.14888
14.77	2.14892
14.76	2.14896
14.75	2.14899
14.74	2.14903
14.73	2.14907
14.72	2.1491
14.71	2.14914
14.7	2.14918
14.69	2.14922
14.68	2.14925
14.67	2.14929
14.66	2.14933
14.65	2.14937
14.64	2.1494
14.63	2.14944
14.62	2.14948
14.61	2.14952
14.6	2.14955
14.59	2.14959
14.58	2.14963
14.57	2.14967
14.56	2.1497
14.55	2.14974
14.54	2.14978
14.53	2.14982
14.52	2.14986
14.51	2.14989
14.5	2.14993
14.49	2.14997
14.48	2.15001
14.47	2.15005
14.46	2.15009
14.45	2.15012
14.44	2.15016
14.43	2.1502
14.42	2.15024
14.41	2.15028
14.4	2.15032
14.39	2.15036
14.38	2.15039
14.37	2.15043
14.36	2.15047
14.35	2.15051
14.34	2.15055
14.33	2.15059
14.32	2.15063
14.31	2.15067
14.3	2.15071
14.29	2.15075
14.28	2.15079
14.27	2.15083
14.26	2.15087
14.25	2.1509
14.24	2.15094
14.23	2.15098
14.22	2.15102
14.21	2.15106
14.2	2.1511
14.19	2.15114
14.18	2.15118
14.17	2.15122
14.16	2.15126
14.15	2.1513
14.14	2.15134
14.13	2.15138
14.12	2.15142
14.11	2.15146
14.1	2.15151
14.09	2.15155
14.08	2.15159
14.07	2.15163
14.06	2.15167
14.05	2.15171
14.04	2.15175
14.03	2.15179
14.02	2.15183
14.01	2.15187
14	2.15191
13.99	2.15195
13.98	2.152
13.97	2.15204
13.96	2.15208
13.95	2.15212
13.94	2.15216
13.93	2.1522
13.92	2.15224
13.91	2.15228
13.9	2.15233
13.89	2.15237
13.88	2.15241
13.87	2.15245
13.86	2.15249
13.85	2.15254
13.84	2.15258
13.83	2.15262
13.82	2.15266
13.81	2.1527
13.8	2.15275
13.79	2.15279
13.78	2.15283
13.77	2.15287
13.76	2.15292
13.75	2.15296
13.74	2.153
13.73	2.15304
13.72	2.15309
13.71	2.15313
13.7	2.15317
13.69	2.15321
13.68	2.15326
13.67	2.1533
13.66	2.15334
13.65	2.15339
13.64	2.15343
13.63	2.15347
13.62	2.15352
13.61	2.15356
13.6	2.1536
13.59	2.15365
13.58	2.15369
13.57	2.15374
13.56	2.15378
13.55	2.15382
13.54	2.15387
13.53	2.15391
13.52	2.15395
13.51	2.154
13.5	2.15404
13.49	2.15409
13.48	2.15413
13.47	2.15418
13.46	2.15422
13.45	2.15427
13.44	2.15431
13.43	2.15435
13.42	2.1544
13.41	2.15444
13.4	2.15449
13.39	2.15453
13.38	2.15458
13.37	2.15462
13.36	2.15467
13.35	2.15471
13.34	2.15476
13.33	2.1548
13.32	2.15485
13.31	2.1549
13.3	2.15494
13.29	2.15499
13.28	2.15503
13.27	2.15508
13.26	2.15512
13.25	2.15517
13.24	2.15522
13.23	2.15526
13.22	2.15531
13.21	2.15535
13.2	2.1554
13.19	2.15545
13.18	2.15549
13.17	2.15554
13.16	2.15559
13.15	2.15563
13.14	2.15568
13.13	2.15573
13.12	2.15577
13.11	2.15582
13.1	2.15587
13.09	2.15591
13.08	2.15596
13.07	2.15601
13.06	2.15606
13.05	2.1561
13.04	2.15615
13.03	2.1562
13.02	2.15625
13.01	2.15629
13	2.15634
12.99	2.15639
12.98	2.15644
12.97	2.15648
12.96	2.15653
12.95	2.15658
12.94	2.15663
12.93	2.15668
12.92	2.15673
12.91	2.15677
12.9	2.15682
12.89	2.15687
12.88	2.15692
12.87	2.15697
12.86	2.15702
12.85	2.15707
12.84	2.15712
12.83	2.15716
12.82	2.15721
12.81	2.15726
12.8	2.15731
12.79	2.15736
12.78	2.15741
12.77	2.15746
12.76	2.15751
12.75	2.15756
12.74	2.15761
12.73	2.15766
12.72	2.15771
12.71	2.15776
12.7	2.15781
12.69	2.15786
12.68	2.15791
12.67	2.15796
12.66	2.15801
12.65	2.15806
12.64	2.15811
12.63	2.15816
12.62	2.15821
12.61	2.15826
12.6	2.15831
12.59	2.15837
12.58	2.15842
12.57	2.15847
12.56	2.15852
12.55	2.15857
12.54	2.15862
12.53	2.15867
12.52	2.15872
12.51	2.15878
12.5	2.15883
12.49	2.15888
12.48	2.15893
12.47	2.15898
12.46	2.15904
12.45	2.15909
12.44	2.15914
12.43	2.15919
12.42	2.15924
12.41	2.1593
12.4	2.15935
12.39	2.1594
12.38	2.15945
12.37	2.15951
12.36	2.15956
12.35	2.15961
12.34	2.15967
12.33	2.15972
12.32	2.15977
12.31	2.15983
12.3	2.15988
12.29	2.15993
12.28	2.15999
12.27	2.16004
12.26	2.16009
12.25	2.16015
12.24	2.1602
12.23	2.16026
12.22	2.16031
12.21	2.16037
12.2	2.16042
12.19	2.16047
12.18	2.16053
12.17	2.16058
12.16	2.16064
12.15	2.16069
12.14	2.16075
12.13	2.1608
12.12	2.16086
12.11	2.16091
12.1	2.16097
12.09	2.16102
12.08	2.16108
12.07	2.16113
12.06	2.16119
12.05	2.16125
12.04	2.1613
12.03	2.16136
12.02	2.16141
12.01	2.16147
12	2.16153
11.99	2.16158
11.98	2.16164
11.97	2.1617
11.96	2.16175
11.95	2.16181
11.94	2.16187
11.93	2.16192
11.92	2.16198
11.91	2.16204
11.9	2.16209
11.89	2.16215
11.88	2.16221
11.87	2.16227
11.86	2.16232
11.85	2.16238
11.84	2.16244
11.83	2.1625
11.82	2.16255
11.81	2.16261
11.8	2.16267
11.79	2.16273
11.78	2.16279
11.77	2.16285
11.76	2.1629
11.75	2.16296
11.74	2.16302
11.73	2.16308
11.72	2.16314
11.71	2.1632
11.7	2.16326
11.69	2.16332
11.68	2.16338
11.67	2.16344
11.66	2.1635
11.65	2.16356
11.64	2.16362
11.63	2.16368
11.62	2.16374
11.61	2.1638
11.6	2.16386
11.59	2.16392
11.58	2.16398
11.57	2.16404
11.56	2.1641
11.55	2.16416
11.54	2.16422
11.53	2.16428
11.52	2.16434
11.51	2.1644
11.5	2.16447
11.49	2.16453
11.48	2.16459
11.47	2.16465
11.46	2.16471
11.45	2.16477
11.44	2.16484
11.43	2.1649
11.42	2.16496
11.41	2.16502
11.4	2.16508
11.39	2.16515
11.38	2.16521
11.37	2.16527
11.36	2.16534
11.35	2.1654
11.34	2.16546
11.33	2.16553
11.32	2.16559
11.31	2.16565
11.3	2.16572
11.29	2.16578
11.28	2.16584
11.27	2.16591
11.26	2.16597
11.25	2.16604
11.24	2.1661
11.23	2.16616
11.22	2.16623
11.21	2.16629
11.2	2.16636
11.19	2.16642
11.18	2.16649
11.17	2.16655
11.16	2.16662
11.15	2.16668
11.14	2.16675
11.13	2.16681
11.12	2.16688
11.11	2.16695
11.1	2.16701
11.09	2.16708
11.08	2.16714
11.07	2.16721
11.06	2.16728
11.05	2.16734
11.04	2.16741
11.03	2.16748
11.02	2.16754
11.01	2.16761
11	2.16768
10.99	2.16775
10.98	2.16781
10.97	2.16788
10.96	2.16795
10.95	2.16802
10.94	2.16808
10.93	2.16815
10.92	2.16822
10.91	2.16829
10.9	2.16836
10.89	2.16843
10.88	2.1685
10.87	2.16856
10.86	2.16863
10.85	2.1687
10.84	2.16877
10.83	2.16884
10.82	2.16891
10.81	2.16898
10.8	2.16905
10.79	2.16912
10.78	2.16919
10.77	2.16926
10.76	2.16933
10.75	2.1694
10.74	2.16947
10.73	2.16954
10.72	2.16961
10.71	2.16968
10.7	2.16975
10.69	2.16983
10.68	2.1699
10.67	2.16997
10.66	2.17004
10.65	2.17011
10.64	2.17018
10.63	2.17026
10.62	2.17033
10.61	2.1704
10.6	2.17047
10.59	2.17055
10.58	2.17062
10.57	2.17069
10.56	2.17077
10.55	2.17084
10.54	2.17091
10.53	2.17099
10.52	2.17106
10.51	2.17113
10.5	2.17121
10.49	2.17128
10.48	2.17136
10.47	2.17143
10.46	2.1715
10.45	2.17158
10.44	2.17165
10.43	2.17173
10.42	2.1718
10.41	2.17188
10.4	2.17195
10.39	2.17203
10.38	2.17211
10.37	2.17218
10.36	2.17226
10.35	2.17233
10.34	2.17241
10.33	2.17249
10.32	2.17256
10.31	2.17264
10.3	2.17272
10.29	2.17279
10.28	2.17287
10.27	2.17295
10.26	2.17303
10.25	2.1731
10.24	2.17318
10.23	2.17326
10.22	2.17334
10.21	2.17342
10.2	2.17349
10.19	2.17357
10.18	2.17365
10.17	2.17373
10.16	2.17381
10.15	2.17389
10.14	2.17397
10.13	2.17405
10.12	2.17413
10.11	2.17421
10.1	2.17429
10.09	2.17437
10.08	2.17445
10.07	2.17453
10.06	2.17461
10.05	2.17469
10.04	2.17477
10.03	2.17485
10.02	2.17494
10.01	2.17502
10	2.1751
9.99	2.17518
9.98	2.17526
9.97	2.17534
9.96	2.17543
9.95	2.17551
9.94	2.17559
9.93	2.17568
9.92	2.17576
9.91	2.17584
9.9	2.17593
9.89	2.17601
9.88	2.17609
9.87	2.17618
9.86	2.17626
9.85	2.17635
9.84	2.17643
9.83	2.17651
9.82	2.1766
9.81	2.17668
9.8	2.17677
9.79	2.17686
9.78	2.17694
9.77	2.17703
9.76	2.17711
9.75	2.1772
9.74	2.17729
9.73	2.17737
9.72	2.17746
9.71	2.17755
9.7	2.17763
9.69	2.17772
9.68	2.17781
9.67	2.17789
9.66	2.17798
9.65	2.17807
9.64	2.17816
9.63	2.17825
9.62	2.17834
9.61	2.17842
9.6	2.17851
9.59	2.1786
9.58	2.17869
9.57	2.17878
9.56	2.17887
9.55	2.17896
9.54	2.17905
9.53	2.17914
9.52	2.17923
9.51	2.17932
9.5	2.17941
9.49	2.1795
9.48	2.1796
9.47	2.17969
9.46	2.17978
9.45	2.17987
9.44	2.17996
9.43	2.18005
9.42	2.18015
9.41	2.18024
9.4	2.18033
9.39	2.18043
9.38	2.18052
9.37	2.18061
9.36	2.18071
9.35	2.1808
9.34	2.18089
9.33	2.18099
9.32	2.18108
9.31	2.18118
9.3	2.18127
9.29	2.18137
9.28	2.18146
9.27	2.18156
9.26	2.18165
9.25	2.18175
9.24	2.18185
9.23	2.18194
9.22	2.18204
9.21	2.18214
9.2	2.18223
9.19	2.18233
9.18	2.18243
9.17	2.18253
9.16	2.18262
9.15	2.18272
9.14	2.18282
9.13	2.18292
9.12	2.18302
9.11	2.18312
9.1	2.18322
9.09	2.18332
9.08	2.18342
9.07	2.18352
9.06	2.18362
9.05	2.18372
9.04	2.18382
9.03	2.18392
9.02	2.18402
9.01	2.18412
9	2.18422
8.99	2.18432
8.98	2.18443
8.97	2.18453
8.96	2.18463
8.95	2.18473
8.94	2.18484
8.93	2.18494
8.92	2.18504
8.91	2.18515
8.9	2.18525
8.89	2.18536
8.88	2.18546
8.87	2.18556
8.86	2.18567
8.85	2.18577
8.84	2.18588
8.83	2.18599
8.82	2.18609
8.81	2.1862
8.8	2.1863
8.79	2.18641
8.78	2.18652
8.77	2.18662
8.76	2.18673
8.75	2.18684
8.74	2.18695
8.73	2.18706
8.72	2.18716
8.71	2.18727
8.7	2.18738
8.69	2.18749
8.68	2.1876
8.67	2.18771
8.66	2.18782
8.65	2.18793
8.64	2.18804
8.63	2.18815
8.62	2.18826
8.61	2.18837
8.6	2.18849
8.59	2.1886
8.58	2.18871
8.57	2.18882
8.56	2.18894
8.55	2.18905
8.54	2.18916
8.53	2.18928
8.52	2.18939
8.51	2.1895
8.5	2.18962
8.49	2.18973
8.48	2.18985
8.47	2.18996
8.46	2.19008
8.45	2.19019
8.44	2.19031
8.43	2.19043
8.42	2.19054
8.41	2.19066
8.4	2.19078
8.39	2.19089
8.38	2.19101
8.37	2.19113
8.36	2.19125
8.35	2.19137
8.34	2.19149
8.33	2.1916
8.32	2.19172
8.31	2.19184
8.3	2.19196
8.29	2.19208
8.28	2.1922
8.27	2.19233
8.26	2.19245
8.25	2.19257
8.24	2.19269
8.23	2.19281
8.22	2.19294
8.21	2.19306
8.2	2.19318
8.19	2.19331
8.18	2.19343
8.17	2.19355
8.16	2.19368
8.15	2.1938
8.14	2.19393
8.13	2.19405
8.12	2.19418
8.11	2.1943
8.1	2.19443
8.09	2.19456
8.08	2.19468
8.07	2.19481
8.06	2.19494
8.05	2.19507
8.04	2.1952
8.03	2.19532
8.02	2.19545
8.01	2.19558
8	2.19571
7.99	2.19584
7.98	2.19597
7.97	2.1961
7.96	2.19623
7.95	2.19636
7.94	2.1965
7.93	2.19663
7.92	2.19676
7.91	2.19689
7.9	2.19703
7.89	2.19716
7.88	2.19729
7.87	2.19743
7.86	2.19756
7.85	2.1977
7.84	2.19783
7.83	2.19797
7.82	2.1981
7.81	2.19824
7.8	2.19838
7.79	2.19851
7.78	2.19865
7.77	2.19879
7.76	2.19893
7.75	2.19907
7.74	2.1992
7.73	2.19934
7.72	2.19948
7.71	2.19962
7.7	2.19976
7.69	2.1999
7.68	2.20004
7.67	2.20019
7.66	2.20033
7.65	2.20047
7.64	2.20061
7.63	2.20076
7.62	2.2009
7.61	2.20104
7.6	2.20119
7.59	2.20133
7.58	2.20148
7.57	2.20162
7.56	2.20177
7.55	2.20191
7.54	2.20206
7.53	2.20221
7.52	2.20236
7.51	2.2025
7.5	2.20265
7.49	2.2028
7.48	2.20295
7.47	2.2031
7.46	2.20325
7.45	2.2034
7.44	2.20355
7.43	2.2037
7.42	2.20385
7.41	2.204
7.4	2.20416
7.39	2.20431
7.38	2.20446
7.37	2.20462
7.36	2.20477
7.35	2.20492
7.34	2.20508
7.33	2.20524
7.32	2.20539
7.31	2.20555
7.3	2.2057
7.29	2.20586
7.28	2.20602
7.27	2.20618
7.26	2.20634
7.25	2.2065
7.24	2.20665
7.23	2.20681
7.22	2.20697
7.21	2.20714
7.2	2.2073
7.19	2.20746
7.18	2.20762
7.17	2.20778
7.16	2.20795
7.15	2.20811
7.14	2.20828
7.13	2.20844
7.12	2.2086
7.11	2.20877
7.1	2.20894
7.09	2.2091
7.08	2.20927
7.07	2.20944
7.06	2.20961
7.05	2.20977
7.04	2.20994
7.03	2.21011
7.02	2.21028
7.01	2.21045
7	2.21062
6.99	2.2108
6.98	2.21097
6.97	2.21114
6.96	2.21131
6.95	2.21149
6.94	2.21166
6.93	2.21184
6.92	2.21201
6.91	2.21219
6.9	2.21236
6.89	2.21254
6.88	2.21272
6.87	2.2129
6.86	2.21307
6.85	2.21325
6.84	2.21343
6.83	2.21361
6.82	2.21379
6.81	2.21398
6.8	2.21416
6.79	2.21434
6.78	2.21452
6.77	2.21471
6.76	2.21489
6.75	2.21507
6.74	2.21526
6.73	2.21545
6.72	2.21563
6.71	2.21582
6.7	2.21601
6.69	2.21619
6.68	2.21638
6.67	2.21657
6.66	2.21676
6.65	2.21695
6.64	2.21714
6.63	2.21733
6.62	2.21753
6.61	2.21772
6.6	2.21791
6.59	2.21811
6.58	2.2183
6.57	2.2185
6.56	2.21869
6.55	2.21889
6.54	2.21909
6.53	2.21928
6.52	2.21948
6.51	2.21968
6.5	2.21988
6.49	2.22008
6.48	2.22028
6.47	2.22048
6.46	2.22069
6.45	2.22089
6.44	2.22109
6.43	2.2213
6.42	2.2215
6.41	2.22171
6.4	2.22192
6.39	2.22212
6.38	2.22233
6.37	2.22254
6.36	2.22275
6.35	2.22296
6.34	2.22317
6.33	2.22338
6.32	2.22359
6.31	2.2238
6.3	2.22402
6.29	2.22423
6.28	2.22444
6.27	2.22466
6.26	2.22488
6.25	2.22509
6.24	2.22531
6.23	2.22553
6.22	2.22575
6.21	2.22597
6.2	2.22619
6.19	2.22641
6.18	2.22663
6.17	2.22685
6.16	2.22708
6.15	2.2273
6.14	2.22753
6.13	2.22775
6.12	2.22798
6.11	2.22821
6.1	2.22843
6.09	2.22866
6.08	2.22889
6.07	2.22912
6.06	2.22935
6.05	2.22959
6.04	2.22982
6.03	2.23005
6.02	2.23029
6.01	2.23052
6	2.23076
5.99	2.231
5.98	2.23123
5.97	2.23147
5.96	2.23171
5.95	2.23195
5.94	2.23219
5.93	2.23244
5.92	2.23268
5.91	2.23292
5.9	2.23317
5.89	2.23341
5.88	2.23366
5.87	2.23391
5.86	2.23415
5.85	2.2344
5.84	2.23465
5.83	2.2349
5.82	2.23516
5.81	2.23541
5.8	2.23566
5.79	2.23592
5.78	2.23617
5.77	2.23643
5.76	2.23669
5.75	2.23694
5.74	2.2372
5.73	2.23746
5.72	2.23773
5.71	2.23799
5.7	2.23825
5.69	2.23851
5.68	2.23878
5.67	2.23905
5.66	2.23931
5.65	2.23958
5.64	2.23985
5.63	2.24012
5.62	2.24039
5.61	2.24066
5.6	2.24094
5.59	2.24121
5.58	2.24148
5.57	2.24176
5.56	2.24204
5.55	2.24232
5.54	2.2426
5.53	2.24288
5.52	2.24316
5.51	2.24344
5.5	2.24372
5.49	2.24401
5.48	2.24429
5.47	2.24458
5.46	2.24487
5.45	2.24516
5.44	2.24545
5.43	2.24574
5.42	2.24603
5.41	2.24633
5.4	2.24662
5.39	2.24692
5.38	2.24721
5.37	2.24751
5.36	2.24781
5.35	2.24811
5.34	2.24841
5.33	2.24872
5.32	2.24902
5.31	2.24933
5.3	2.24963
5.29	2.24994
5.28	2.25025
5.27	2.25056
5.26	2.25087
5.25	2.25118
5.24	2.2515
5.23	2.25181
5.22	2.25213
5.21	2.25245
5.2	2.25277
5.19	2.25309
5.18	2.25341
5.17	2.25373
5.16	2.25406
5.15	2.25438
5.14	2.25471
5.13	2.25504
5.12	2.25537
5.11	2.2557
5.1	2.25603
5.09	2.25637
5.08	2.2567
5.07	2.25704
5.06	2.25738
5.05	2.25772
5.04	2.25806
5.03	2.2584
5.02	2.25874
5.01	2.25909
5	2.25944
4.99	2.25979
4.98	2.26014
4.97	2.26049
4.96	2.26084
4.95	2.26119
4.94	2.26155
4.93	2.26191
4.92	2.26227
4.91	2.26263
4.9	2.26299
4.89	2.26335
4.88	2.26372
4.87	2.26408
4.86	2.26445
4.85	2.26482
4.84	2.26519
4.83	2.26557
4.82	2.26594
4.81	2.26632
4.8	2.2667
4.79	2.26708
4.78	2.26746
4.77	2.26784
4.76	2.26823
4.75	2.26861
4.74	2.269
4.73	2.26939
4.72	2.26979
4.71	2.27018
4.7	2.27057
4.69	2.27097
4.68	2.27137
4.67	2.27177
4.66	2.27218
4.65	2.27258
4.64	2.27299
4.63	2.27339
4.62	2.27381
4.61	2.27422
4.6	2.27463
4.59	2.27505
4.58	2.27547
4.57	2.27589
4.56	2.27631
4.55	2.27673
4.54	2.27716
4.53	2.27758
4.52	2.27801
4.51	2.27845
4.5	2.27888
4.49	2.27932
4.48	2.27975
4.47	2.28019
4.46	2.28064
4.45	2.28108
4.44	2.28153
4.43	2.28198
4.42	2.28243
4.41	2.28288
4.4	2.28334
4.39	2.28379
4.38	2.28425
4.37	2.28472
4.36	2.28518
4.35	2.28565
4.34	2.28612
4.33	2.28659
4.32	2.28706
4.31	2.28754
4.3	2.28801
4.29	2.28849
4.28	2.28898
4.27	2.28946
4.26	2.28995
4.25	2.29044
4.24	2.29093
4.23	2.29143
4.22	2.29193
4.21	2.29243
4.2	2.29293
4.19	2.29344
4.18	2.29394
4.17	2.29446
4.16	2.29497
4.15	2.29548
4.14	2.296
4.13	2.29652
4.12	2.29705
4.11	2.29758
4.1	2.29811
4.09	2.29864
4.08	2.29917
4.07	2.29971
4.06	2.30025
4.05	2.3008
4.04	2.30134
4.03	2.30189
4.02	2.30244
4.01	2.303
4	2.30356
3.99	2.30412
3.98	2.30468
3.97	2.30525
3.96	2.30582
3.95	2.3064
3.94	2.30697
3.93	2.30755
3.92	2.30814
3.91	2.30872
3.9	2.30931
3.89	2.30991
3.88	2.3105
3.87	2.3111
3.86	2.31171
3.85	2.31231
3.84	2.31292
3.83	2.31353
3.82	2.31415
3.81	2.31477
3.8	2.3154
3.79	2.31602
3.78	2.31665
3.77	2.31729
3.76	2.31793
3.75	2.31857
3.74	2.31921
3.73	2.31986
3.72	2.32052
3.71	2.32117
3.7	2.32183
3.69	2.3225
3.68	2.32317
3.67	2.32384
3.66	2.32452
3.65	2.3252
3.64	2.32588
3.63	2.32657
3.62	2.32726
3.61	2.32796
3.6	2.32866
3.59	2.32937
3.58	2.33008
3.57	2.33079
3.56	2.33151
3.55	2.33223
3.54	2.33296
3.53	2.33369
3.52	2.33443
3.51	2.33517
3.5	2.33591
3.49	2.33666
3.48	2.33742
3.47	2.33818
3.46	2.33894
3.45	2.33971
3.44	2.34048
3.43	2.34126
3.42	2.34205
3.41	2.34283
3.4	2.34363
3.39	2.34443
3.38	2.34523
3.37	2.34604
3.36	2.34686
3.35	2.34768
3.34	2.3485
3.33	2.34933
3.32	2.35017
3.31	2.35101
3.3	2.35186
3.29	2.35271
3.28	2.35357
3.27	2.35443
3.26	2.3553
3.25	2.35618
3.24	2.35706
3.23	2.35795
3.22	2.35884
3.21	2.35974
3.2	2.36065
3.19	2.36156
3.18	2.36248
3.17	2.36341
3.16	2.36434
3.15	2.36528
3.14	2.36622
3.13	2.36717
3.12	2.36813
3.11	2.36909
3.1	2.37007
3.09	2.37104
3.08	2.37203
3.07	2.37302
3.06	2.37402
3.05	2.37503
3.04	2.37604
3.03	2.37707
3.02	2.37809
3.01	2.37913
3	2.38018
2.99	2.38123
2.98	2.38229
2.97	2.38336
2.96	2.38443
2.95	2.38552
2.94	2.38661
2.93	2.38771
2.92	2.38882
2.91	2.38993
2.9	2.39106
2.89	2.39219
2.88	2.39334
2.87	2.39449
2.86	2.39565
2.85	2.39682
2.84	2.398
2.83	2.39919
2.82	2.40038
2.81	2.40159
2.8	2.40281
2.79	2.40403
2.78	2.40527
2.77	2.40651
2.76	2.40777
2.75	2.40904
2.74	2.41031
2.73	2.4116
2.72	2.4129
2.71	2.41421
2.7	2.41553
2.69	2.41686
2.68	2.4182
2.67	2.41955
2.66	2.42091
2.65	2.42229
2.64	2.42367
2.63	2.42507
2.62	2.42648
2.61	2.42791
2.6	2.42934
2.59	2.43079
2.58	2.43225
2.57	2.43372
2.56	2.43521
2.55	2.43671
2.54	2.43822
2.53	2.43975
2.52	2.44128
2.51	2.44284
2.5	2.4444
2.49	2.44599
2.48	2.44758
2.47	2.44919
2.46	2.45082
2.45	2.45246
2.44	2.45411
2.43	2.45578
2.42	2.45747
2.41	2.45917
2.4	2.46089
2.39	2.46262
2.38	2.46437
2.37	2.46614
2.36	2.46793
2.35	2.46973
2.34	2.47155
2.33	2.47339
2.32	2.47524
2.31	2.47711
2.3	2.47901
2.29	2.48092
2.28	2.48285
2.27	2.4848
2.26	2.48677
2.25	2.48876
2.24	2.49076
2.23	2.49279
2.22	2.49485
2.21	2.49692
2.2	2.49901
2.19	2.50113
2.18	2.50327
2.17	2.50543
2.16	2.50761
2.15	2.50982
2.14	2.51205
2.13	2.5143
2.12	2.51658
2.11	2.51889
2.1	2.52122
2.09	2.52357
2.08	2.52595
2.07	2.52836
2.06	2.5308
2.05	2.53326
2.04	2.53575
2.03	2.53827
2.02	2.54082
2.01	2.5434
2	2.546
1.99	2.54864
1.98	2.55131
1.97	2.55401
1.96	2.55674
1.95	2.55951
1.94	2.56231
1.93	2.56514
1.92	2.56801
1.91	2.57091
1.9	2.57385
1.89	2.57682
1.88	2.57983
1.87	2.58288
1.86	2.58597
1.85	2.5891
1.84	2.59227
1.83	2.59548
1.82	2.59873
1.81	2.60202
1.8	2.60536
1.79	2.60874
1.78	2.61216
1.77	2.61563
1.76	2.61915
1.75	2.62271
1.74	2.62633
1.73	2.62999
1.72	2.63371
1.71	2.63748
1.7	2.6413
1.69	2.64517
1.68	2.6491
1.67	2.65308
1.66	2.65713
1.65	2.66123
1.64	2.66539
1.63	2.66962
1.62	2.6739
1.61	2.67826
1.6	2.68267
1.59	2.68716
1.58	2.69171
1.57	2.69633
1.56	2.70103
1.55	2.7058
1.54	2.71065
1.53	2.71557
1.52	2.72057
1.51	2.72565
1.5	2.73082
1.49	2.73607
1.48	2.74141
1.47	2.74684
1.46	2.75236
1.45	2.75797
1.44	2.76368
1.43	2.76949
1.42	2.7754
1.41	2.78141
1.4	2.78754
1.39	2.79377
1.38	2.80011
1.37	2.80658
1.36	2.81316
1.35	2.81986
1.34	2.82669
1.33	2.83365
1.32	2.84074
1.31	2.84797
1.3	2.85533
1.29	2.86285
1.28	2.87051
1.27	2.87833
1.26	2.88631
1.25	2.89445
1.24	2.90276
1.23	2.91125
1.22	2.91991
1.21	2.92876
1.2	2.9378
1.19	2.94704
1.18	2.95648
1.17	2.96613
1.16	2.976
1.15	2.9861
1.14	2.99643
1.13	3.007
1.12	3.01782
1.11	3.0289
1.1	3.04025
1.09	3.05188
1.08	3.06379
1.07	3.07601
1.06	3.08853
1.05	3.10138
1.04	3.11456
1.03	3.1281
1.02	3.14199
1.01	3.15626
1	3.17093
0.99	3.18601
0.98	3.20151
0.97	3.21746
0.96	3.23387
0.95	3.25077
0.94	3.26817
0.93	3.2861
0.92	3.30459
0.91	3.32367
0.9	3.34335
0.89	3.36366
0.88	3.38465
0.87	3.40634
0.86	3.42878
0.85	3.45199
0.84	3.47602
0.83	3.50091
0.82	3.52672
0.81	3.55349
0.8	3.58128
0.79	3.61014
0.78	3.64015
0.77	3.67136
0.76	3.70387
0.75	3.73774
0.74	3.77306
0.73	3.80994
0.72	3.84848
0.71	3.8888
0.7	3.93101
0.69	3.97527
0.68	4.02172
0.67	4.07053
0.66	4.1219
0.65	4.17602
0.64	4.23314
0.63	4.29351
0.62	4.35743
0.61	4.42523
0.6	4.49728
0.59	4.57401
0.58	4.6559
0.57	4.74351
0.56	4.83749
0.55	4.9386
0.54	5.04772
0.53	5.16589
0.52	5.29437
0.51	5.43466
0.5	5.58861
0.49	5.75849
0.48	5.94716
0.47	6.1583
0.46	6.39668
0.45	6.66874
0.44	6.98338
0.43	7.35344
0.42	7.79839
0.41	8.3499
0.4	9.06468
0.39	10.0608
0.38	11.6594
0.37	15.642
-0.37	15.642
-0.38	11.6594
-0.39	10.0608
-0.4	9.06468
-0.41	8.3499
-0.42	7.79839
-0.43	7.35344
-0.44	6.98338
-0.45	6.66874
-0.46	6.39668
-0.47	6.1583
-0.48	5.94716
-0.49	5.75849
-0.5	5.58861
-0.51	5.43466
-0.52	5.29437
-0.53	5.16589
-0.54	5.04772
-0.55	4.9386
-0.56	4.83749
-0.57	4.74351
-0.58	4.6559
-0.59	4.57401
-0.6	4.49728
-0.61	4.42523
-0.62	4.35743
-0.63	4.29351
-0.64	4.23314
-0.65	4.17602
-0.66	4.1219
-0.67	4.07053
-0.68	4.02172
-0.69	3.97527
-0.7	3.93101
-0.71	3.8888
-0.72	3.84848
-0.73	3.80994
-0.74	3.77306
-0.75	3.73774
-0.76	3.70387
-0.77	3.67136
-0.78	3.64015
-0.79	3.61014
-0.8	3.58128
-0.81	3.55349
-0.82	3.52672
-0.83	3.50091
-0.84	3.47602
-0.85	3.45199
-0.86	3.42878
-0.87	3.40634
-0.88	3.38465
-0.89	3.36366
-0.9	3.34335
-0.91	3.32367
-0.92	3.30459
-0.93	3.2861
-0.94	3.26817
-0.95	3.25077
-0.96	3.23387
-0.97	3.21746
-0.98	3.20151
-0.99	3.18601
-1	3.17093
-1.01	3.15626
-1.02	3.14199
-1.03	3.1281
-1.04	3.11456
-1.05	3.10138
-1.06	3.08853
-1.07	3.07601
-1.08	3.06379
-1.09	3.05188
-1.1	3.04025
-1.11	3.0289
-1.12	3.01782
-1.13	3.007
-1.14	2.99643
-1.15	2.9861
-1.16	2.976
-1.17	2.96613
-1.18	2.95648
-1.19	2.94704
-1.2	2.9378
-1.21	2.92876
-1.22	2.91991
-1.23	2.91125
-1.24	2.90276
-1.25	2.89445
-1.26	2.88631
-1.27	2.87833
-1.28	2.87051
-1.29	2.86285
-1.3	2.85533
-1.31	2.84797
-1.32	2.84074
-1.33	2.83365
-1.34	2.82669
-1.35	2.81986
-1.36	2.81316
-1.37	2.80658
-1.38	2.80011
-1.39	2.79377
-1.4	2.78754
-1.41	2.78141
-1.42	2.7754
-1.43	2.76949
-1.44	2.76368
-1.45	2.75797
-1.46	2.75236
-1.47	2.74684
-1.48	2.74141
-1.49	2.73607
-1.5	2.73082
-1.51	2.72565
-1.52	2.72057
-1.53	2.71557
-1.54	2.71065
-1.55	2.7058
-1.56	2.70103
-1.57	2.69633
-1.58	2.69171
-1.59	2.68716
-1.6	2.68267
-1.61	2.67826
-1.62	2.6739
-1.63	2.66962
-1.64	2.66539
-1.65	2.66123
-1.66	2.65713
-1.67	2.65308
-1.68	2.6491
-1.69	2.64517
-1.7	2.6413
-1.71	2.63748
-1.72	2.63371
-1.73	2.62999
-1.74	2.62633
-1.75	2.62271
-1.76	2.61915
-1.77	2.61563
-1.78	2.61216
-1.79	2.60874
-1.8	2.60536
-1.81	2.60202
-1.82	2.59873
-1.83	2.59548
-1.84	2.59227
-1.85	2.5891
-1.86	2.58597
-1.87	2.58288
-1.88	2.57983
-1.89	2.57682
-1.9	2.57385
-1.91	2.57091
-1.92	2.56801
-1.93	2.56514
-1.94	2.56231
-1.95	2.55951
-1.96	2.55674
-1.97	2.55401
-1.98	2.55131
-1.99	2.54864
-2	2.546
-2.01	2.5434
-2.02	2.54082
-2.03	2.53827
-2.04	2.53575
-2.05	2.53326
-2.06	2.5308
-2.07	2.52836
-2.08	2.52595
-2.09	2.52357
-2.1	2.52122
-2.11	2.51889
-2.12	2.51658
-2.13	2.5143
-2.14	2.51205
-2.15	2.50982
-2.16	2.50761
-2.17	2.50543
-2.18	2.50327
-2.19	2.50113
-2.2	2.49901
-2.21	2.49692
-2.22	2.49485
-2.23	2.49279
-2.24	2.49076
-2.25	2.48876
-2.26	2.48677
-2.27	2.4848
-2.28	2.48285
-2.29	2.48092
-2.3	2.47901
-2.31	2.47711
-2.32	2.47524
-2.33	2.47339
-2.34	2.47155
-2.35	2.46973
-2.36	2.46793
-2.37	2.46614
-2.38	2.46437
-2.39	2.46262
-2.4	2.46089
-2.41	2.45917
-2.42	2.45747
-2.43	2.45578
-2.44	2.45411
-2.45	2.45246
-2.46	2.45082
-2.47	2.44919
-2.48	2.44758
-2.49	2.44599
-2.5	2.4444
-2.51	2.44284
-2.52	2.44128
-2.53	2.43975
-2.54	2.43822
-2.55	2.43671
-2.56	2.43521
-2.57	2.43372
-2.58	2.43225
-2.59	2.43079
-2.6	2.42934
-2.61	2.42791
-2.62	2.42648
-2.63	2.42507
-2.64	2.42367
-2.65	2.42229
-2.66	2.42091
-2.67	2.41955
-2.68	2.4182
-2.69	2.41686
-2.7	2.41553
-2.71	2.41421
-2.72	2.4129
-2.73	2.4116
-2.74	2.41031
-2.75	2.40904
-2.76	2.40777
-2.77	2.40651
-2.78	2.40527
-2.79	2.40403
-2.8	2.40281
-2.81	2.40159
-2.82	2.40038
-2.83	2.39919
-2.84	2.398
-2.85	2.39682
-2.86	2.39565
-2.87	2.39449
-2.88	2.39334
-2.89	2.39219
-2.9	2.39106
-2.91	2.38993
-2.92	2.38882
-2.93	2.38771
-2.94	2.38661
-2.95	2.38552
-2.96	2.38443
-2.97	2.38336
-2.98	2.38229
-2.99	2.38123
-3	2.38018
-3.01	2.37913
-3.02	2.37809
-3.03	2.37707
-3.04	2.37604
-3.05	2.37503
-3.06	2.37402
-3.07	2.37302
-3.08	2.37203
-3.09	2.37104
-3.1	2.37007
-3.11	2.36909
-3.12	2.36813
-3.13	2.36717
-3.14	2.36622
-3.15	2.36528
-3.16	2.36434
-3.17	2.36341
-3.18	2.36248
-3.19	2.36156
-3.2	2.36065
-3.21	2.35974
-3.22	2.35884
-3.23	2.35795
-3.24	2.35706
-3.25	2.35618
-3.26	2.3553
-3.27	2.35443
-3.28	2.35357
-3.29	2.35271
-3.3	2.35186
-3.31	2.35101
-3.32	2.35017
-3.33	2.34933
-3.34	2.3485
-3.35	2.34768
-3.36	2.34686
-3.37	2.34604
-3.38	2.34523
-3.39	2.34443
-3.4	2.34363
-3.41	2.34283
-3.42	2.34205
-3.43	2.34126
-3.44	2.34048
-3.45	2.33971
-3.46	2.33894
-3.47	2.33818
-3.48	2.33742
-3.49	2.33666
-3.5	2.33591
-3.51	2.33517
-3.52	2.33443
-3.53	2.33369
-3.54	2.33296
-3.55	2.33223
-3.56	2.33151
-3.57	2.33079
-3.58	2.33008
-3.59	2.32937
-3.6	2.32866
-3.61	2.32796
-3.62	2.32726
-3.63	2.32657
-3.64	2.32588
-3.65	2.3252
-3.66	2.32452
-3.67	2.32384
-3.68	2.32317
-3.69	2.3225
-3.7	2.32183
-3.71	2.32117
-3.72	2.32052
-3.73	2.31986
-3.74	2.31921
-3.75	2.31857
-3.76	2.31793
-3.77	2.31729
-3.78	2.31665
-3.79	2.31602
-3.8	2.3154
-3.81	2.31477
-3.82	2.31415
-3.83	2.31353
-3.84	2.31292
-3.85	2.31231
-3.86	2.31171
-3.87	2.3111
-3.88	2.3105
-3.89	2.30991
-3.9	2.30931
-3.91	2.30872
-3.92	2.30814
-3.93	2.30755
-3.94	2.30697
-3.95	2.3064
-3.96	2.30582
-3.97	2.30525
-3.98	2.30468
-3.99	2.30412
-4	2.30356
-4.01	2.303
-4.02	2.30244
-4.03	2.30189
-4.04	2.30134
-4.05	2.3008
-4.06	2.30025
-4.07	2.29971
-4.08	2.29917
-4.09	2.29864
-4.1	2.29811
-4.11	2.29758
-4.12	2.29705
-4.13	2.29652
-4.14	2.296
-4.15	2.29548
-4.16	2.29497
-4.17	2.29446
-4.18	2.29394
-4.19	2.29344
-4.2	2.29293
-4.21	2.29243
-4.22	2.29193
-4.23	2.29143
-4.24	2.29093
-4.25	2.29044
-4.26	2.28995
-4.27	2.28946
-4.28	2.28898
-4.29	2.28849
-4.3	2.28801
-4.31	2.28754
-4.32	2.28706
-4.33	2.28659
-4.34	2.28612
-4.35	2.28565
-4.36	2.28518
-4.37	2.28472
-4.38	2.28425
-4.39	2.28379
-4.4	2.28334
-4.41	2.28288
-4.42	2.28243
-4.43	2.28198
-4.44	2.28153
-4.45	2.28108
-4.46	2.28064
-4.47	2.28019
-4.48	2.27975
-4.49	2.27932
-4.5	2.27888
-4.51	2.27845
-4.52	2.27801
-4.53	2.27758
-4.54	2.27716
-4.55	2.27673
-4.56	2.27631
-4.57	2.27589
-4.58	2.27547
-4.59	2.27505
-4.6	2.27463
-4.61	2.27422
-4.62	2.27381
-4.63	2.27339
-4.64	2.27299
-4.65	2.27258
-4.66	2.27218
-4.67	2.27177
-4.68	2.27137
-4.69	2.27097
-4.7	2.27057
-4.71	2.27018
-4.72	2.26979
-4.73	2.26939
-4.74	2.269
-4.75	2.26861
-4.76	2.26823
-4.77	2.26784
-4.78	2.26746
-4.79	2.26708
-4.8	2.2667
-4.81	2.26632
-4.82	2.26594
-4.83	2.26557
-4.84	2.26519
-4.85	2.26482
-4.86	2.26445
-4.87	2.26408
-4.88	2.26372
-4.89	2.26335
-4.9	2.26299
-4.91	2.26263
-4.92	2.26227
-4.93	2.26191
-4.94	2.26155
-4.95	2.26119
-4.96	2.26084
-4.97	2.26049
-4.98	2.26014
-4.99	2.25979
-5	2.25944
-5.01	2.25909
-5.02	2.25874
-5.03	2.2584
-5.04	2.25806
-5.05	2.25772
-5.06	2.25738
-5.07	2.25704
-5.08	2.2567
-5.09	2.25637
-5.1	2.25603
-5.11	2.2557
-5.12	2.25537
-5.13	2.25504
-5.14	2.25471
-5.15	2.25438
-5.16	2.25406
-5.17	2.25373
-5.18	2.25341
-5.19	2.25309
-5.2	2.25277
-5.21	2.25245
-5.22	2.25213
-5.23	2.25181
-5.24	2.2515
-5.25	2.25118
-5.26	2.25087
-5.27	2.25056
-5.28	2.25025
-5.29	2.24994
-5.3	2.24963
-5.31	2.24933
-5.32	2.24902
-5.33	2.24872
-5.34	2.24841
-5.35	2.24811
-5.36	2.24781
-5.37	2.24751
-5.38	2.24721
-5.39	2.24692
-5.4	2.24662
-5.41	2.24633
-5.42	2.24603
-5.43	2.24574
-5.44	2.24545
-5.45	2.24516
-5.46	2.24487
-5.47	2.24458
-5.48	2.24429
-5.49	2.24401
-5.5	2.24372
-5.51	2.24344
-5.52	2.24316
-5.53	2.24288
-5.54	2.2426
-5.55	2.24232
-5.56	2.24204
-5.57	2.24176
-5.58	2.24148
-5.59	2.24121
-5.6	2.24094
-5.61	2.24066
-5.62	2.24039
-5.63	2.24012
-5.64	2.23985
-5.65	2.23958
-5.66	2.23931
-5.67	2.23905
-5.68	2.23878
-5.69	2.23851
-5.7	2.23825
-5.71	2.23799
-5.72	2.23773
-5.73	2.23746
-5.74	2.2372
-5.75	2.23694
-5.76	2.23669
-5.77	2.23643
-5.78	2.23617
-5.79	2.23592
-5.8	2.23566
-5.81	2.23541
-5.82	2.23516
-5.83	2.2349
-5.84	2.23465
-5.85	2.2344
-5.86	2.23415
-5.87	2.23391
-5.88	2.23366
-5.89	2.23341
-5.9	2.23317
-5.91	2.23292
-5.92	2.23268
-5.93	2.23244
-5.94	2.23219
-5.95	2.23195
-5.96	2.23171
-5.97	2.23147
-5.98	2.23123
-5.99	2.231
-6	2.23076
-6.01	2.23052
-6.02	2.23029
-6.03	2.23005
-6.04	2.22982
-6.05	2.22959
-6.06	2.22935
-6.07	2.22912
-6.08	2.22889
-6.09	2.22866
-6.1	2.22843
-6.11	2.22821
-6.12	2.22798
-6.13	2.22775
-6.14	2.22753
-6.15	2.2273
-6.16	2.22708
-6.17	2.22685
-6.18	2.22663
-6.19	2.22641
-6.2	2.22619
-6.21	2.22597
-6.22	2.22575
-6.23	2.22553
-6.24	2.22531
-6.25	2.22509
-6.26	2.22488
-6.27	2.22466
-6.28	2.22444
-6.29	2.22423
-6.3	2.22402
-6.31	2.2238
-6.32	2.22359
-6.33	2.22338
-6.34	2.22317
-6.35	2.22296
-6.36	2.22275
-6.37	2.22254
-6.38	2.22233
-6.39	2.22212
-6.4	2.22192
-6.41	2.22171
-6.42	2.2215
-6.43	2.2213
-6.44	2.22109
-6.45	2.22089
-6.46	2.22069
-6.47	2.22048
-6.48	2.22028
-6.49	2.22008
-6.5	2.21988
-6.51	2.21968
-6.52	2.21948
-6.53	2.21928
-6.54	2.21909
-6.55	2.21889
-6.56	2.21869
-6.57	2.2185
-6.58	2.2183
-6.59	2.21811
-6.6	2.21791
-6.61	2.21772
-6.62	2.21753
-6.63	2.21733
-6.64	2.21714
-6.65	2.21695
-6.66	2.21676
-6.67	2.21657
-6.68	2.21638
-6.69	2.21619
-6.7	2.21601
-6.71	2.21582
-6.72	2.21563
-6.73	2.21545
-6.74	2.21526
-6.75	2.21507
-6.76	2.21489
-6.77	2.21471
-6.78	2.21452
-6.79	2.21434
-6.8	2.21416
-6.81	2.21398
-6.82	2.21379
-6.83	2.21361
-6.84	2.21343
-6.85	2.21325
-6.86	2.21307
-6.87	2.2129
-6.88	2.21272
-6.89	2.21254
-6.9	2.21236
-6.91	2.21219
-6.92	2.21201
-6.93	2.21184
-6.94	2.21166
-6.95	2.21149
-6.96	2.21131
-6.97	2.21114
-6.98	2.21097
-6.99	2.2108
-7	2.21062
-7.01	2.21045
-7.02	2.21028
-7.03	2.21011
-7.04	2.20994
-7.05	2.20977
-7.06	2.20961
-7.07	2.20944
-7.08	2.20927
-7.09	2.2091
-7.1	2.20894
-7.11	2.20877
-7.12	2.2086
-7.13	2.20844
-7.14	2.20828
-7.15	2.20811
-7.16	2.20795
-7.17	2.20778
-7.18	2.20762
-7.19	2.20746
-7.2	2.2073
-7.21	2.20714
-7.22	2.20697
-7.23	2.20681
-7.24	2.20665
-7.25	2.2065
-7.26	2.20634
-7.27	2.20618
-7.28	2.20602
-7.29	2.20586
-7.3	2.2057
-7.31	2.20555
-7.32	2.20539
-7.33	2.20524
-7.34	2.20508
-7.35	2.20492
-7.36	2.20477
-7.37	2.20462
-7.38	2.20446
-7.39	2.20431
-7.4	2.20416
-7.41	2.204
-7.42	2.20385
-7.43	2.2037
-7.44	2.20355
-7.45	2.2034
-7.46	2.20325
-7.47	2.2031
-7.48	2.20295
-7.49	2.2028
-7.5	2.20265
-7.51	2.2025
-7.52	2.20236
-7.53	2.20221
-7.54	2.20206
-7.55	2.20191
-7.56	2.20177
-7.57	2.20162
-7.58	2.20148
-7.59	2.20133
-7.6	2.20119
-7.61	2.20104
-7.62	2.2009
-7.63	2.20076
-7.64	2.20061
-7.65	2.20047
-7.66	2.20033
-7.67	2.20019
-7.68	2.20004
-7.69	2.1999
-7.7	2.19976
-7.71	2.19962
-7.72	2.19948
-7.73	2.19934
-7.74	2.1992
-7.75	2.19907
-7.76	2.19893
-7.77	2.19879
-7.78	2.19865
-7.79	2.19851
-7.8	2.19838
-7.81	2.19824
-7.82	2.1981
-7.83	2.19797
-7.84	2.19783
-7.85	2.1977
-7.86	2.19756
-7.87	2.19743
-7.88	2.19729
-7.89	2.19716
-7.9	2.19703
-7.91	2.19689
-7.92	2.19676
-7.93	2.19663
-7.94	2.1965
-7.95	2.19636
-7.96	2.19623
-7.97	2.1961
-7.98	2.19597
-7.99	2.19584
-8	2.19571
-8.01	2.19558
-8.02	2.19545
-8.03	2.19532
-8.04	2.1952
-8.05	2.19507
-8.06	2.19494
-8.07	2.19481
-8.08	2.19468
-8.09	2.19456
-8.1	2.19443
-8.11	2.1943
-8.12	2.19418
-8.13	2.19405
-8.14	2.19393
-8.15	2.1938
-8.16	2.19368
-8.17	2.19355
-8.18	2.19343
-8.19	2.19331
-8.2	2.19318
-8.21	2.19306
-8.22	2.19294
-8.23	2.19281
-8.24	2.19269
-8.25	2.19257
-8.26	2.19245
-8.27	2.19233
-8.28	2.1922
-8.29	2.19208
-8.3	2.19196
-8.31	2.19184
-8.32	2.19172
-8.33	2.1916
-8.34	2.19149
-8.35	2.19137
-8.36	2.19125
-8.37	2.19113
-8.38	2.19101
-8.39	2.19089
-8.4	2.19078
-8.41	2.19066
-8.42	2.19054
-8.43	2.19043
-8.44	2.19031
-8.45	2.19019
-8.46	2.19008
-8.47	2.18996
-8.48	2.18985
-8.49	2.18973
-8.5	2.18962
-8.51	2.1895
-8.52	2.18939
-8.53	2.18928
-8.54	2.18916
-8.55	2.18905
-8.56	2.18894
-8.57	2.18882
-8.58	2.18871
-8.59	2.1886
-8.6	2.18849
-8.61	2.18837
-8.62	2.18826
-8.63	2.18815
-8.64	2.18804
-8.65	2.18793
-8.66	2.18782
-8.67	2.18771
-8.68	2.1876
-8.69	2.18749
-8.7	2.18738
-8.71	2.18727
-8.72	2.18716
-8.73	2.18706
-8.74	2.18695
-8.75	2.18684
-8.76	2.18673
-8.77	2.18662
-8.78	2.18652
-8.79	2.18641
-8.8	2.1863
-8.81	2.1862
-8.82	2.18609
-8.83	2.18599
-8.84	2.18588
-8.85	2.18577
-8.86	2.18567
-8.87	2.18556
-8.88	2.18546
-8.89	2.18536
-8.9	2.18525
-8.91	2.18515
-8.92	2.18504
-8.93	2.18494
-8.94	2.18484
-8.95	2.18473
-8.96	2.18463
-8.97	2.18453
-8.98	2.18443
-8.99	2.18432
-9	2.18422
-9.01	2.18412
-9.02	2.18402
-9.03	2.18392
-9.04	2.18382
-9.05	2.18372
-9.06	2.18362
-9.07	2.18352
-9.08	2.18342
-9.09	2.18332
-9.1	2.18322
-9.11	2.18312
-9.12	2.18302
-9.13	2.18292
-9.14	2.18282
-9.15	2.18272
-9.16	2.18262
-9.17	2.18253
-9.18	2.18243
-9.19	2.18233
-9.2	2.18223
-9.21	2.18214
-9.22	2.18204
-9.23	2.18194
-9.24	2.18185
-9.25	2.18175
-9.26	2.18165
-9.27	2.18156
-9.28	2.18146
-9.29	2.18137
-9.3	2.18127
-9.31	2.18118
-9.32	2.18108
-9.33	2.18099
-9.34	2.18089
-9.35	2.1808
-9.36	2.18071
-9.37	2.18061
-9.38	2.18052
-9.39	2.18043
-9.4	2.18033
-9.41	2.18024
-9.42	2.18015
-9.43	2.18005
-9.44	2.17996
-9.45	2.17987
-9.46	2.17978
-9.47	2.17969
-9.48	2.1796
-9.49	2.1795
-9.5	2.17941
-9.51	2.17932
-9.52	2.17923
-9.53	2.17914
-9.54	2.17905
-9.55	2.17896
-9.56	2.17887
-9.57	2.17878
-9.58	2.17869
-9.59	2.1786
-9.6	2.17851
-9.61	2.17842
-9.62	2.17834
-9.63	2.17825
-9.64	2.17816
-9.65	2.17807
-9.66	2.17798
-9.67	2.17789
-9.68	2.17781
-9.69	2.17772
-9.7	2.17763
-9.71	2.17755
-9.72	2.17746
-9.73	2.17737
-9.74	2.17729
-9.75	2.1772
-9.76	2.17711
-9.77	2.17703
-9.78	2.17694
-9.79	2.17686
-9.8	2.17677
-9.81	2.17668
-9.82	2.1766
-9.83	2.17651
-9.84	2.17643
-9.85	2.17635
-9.86	2.17626
-9.87	2.17618
-9.88	2.17609
-9.89	2.17601
-9.9	2.17593
-9.91	2.17584
-9.92	2.17576
-9.93	2.17568
-9.94	2.17559
-9.95	2.17551
-9.96	2.17543
-9.97	2.17534
-9.98	2.17526
-9.99	2.17518
-10	2.1751
-10.01	2.17502
-10.02	2.17494
-10.03	2.17485
-10.04	2.17477
-10.05	2.17469
-10.06	2.17461
-10.07	2.17453
-10.08	2.17445
-10.09	2.17437
-10.1	2.17429
-10.11	2.17421
-10.12	2.17413
-10.13	2.17405
-10.14	2.17397
-10.15	2.17389
-10.16	2.17381
-10.17	2.17373
-10.18	2.17365
-10.19	2.17357
-10.2	2.17349
-10.21	2.17342
-10.22	2.17334
-10.23	2.17326
-10.24	2.17318
-10.25	2.1731
-10.26	2.17303
-10.27	2.17295
-10.28	2.17287
-10.29	2.17279
-10.3	2.17272
-10.31	2.17264
-10.32	2.17256
-10.33	2.17249
-10.34	2.17241
-10.35	2.17233
-10.36	2.17226
-10.37	2.17218
-10.38	2.17211
-10.39	2.17203
-10.4	2.17195
-10.41	2.17188
-10.42	2.1718
-10.43	2.17173
-10.44	2.17165
-10.45	2.17158
-10.46	2.1715
-10.47	2.17143
-10.48	2.17136
-10.49	2.17128
-10.5	2.17121
-10.51	2.17113
-10.52	2.17106
-10.53	2.17099
-10.54	2.17091
-10.55	2.17084
-10.56	2.17077
-10.57	2.17069
-10.58	2.17062
-10.59	2.17055
-10.6	2.17047
-10.61	2.1704
-10.62	2.17033
-10.63	2.17026
-10.64	2.17018
-10.65	2.17011
-10.66	2.17004
-10.67	2.16997
-10.68	2.1699
-10.69	2.16983
-10.7	2.16975
-10.71	2.16968
-10.72	2.16961
-10.73	2.16954
-10.74	2.16947
-10.75	2.1694
-10.76	2.16933
-10.77	2.16926
-10.78	2.16919
-10.79	2.16912
-10.8	2.16905
-10.81	2.16898
-10.82	2.16891
-10.83	2.16884
-10.84	2.16877
-10.85	2.1687
-10.86	2.16863
-10.87	2.16856
-10.88	2.1685
-10.89	2.16843
-10.9	2.16836
-10.91	2.16829
-10.92	2.16822
-10.93	2.16815
-10.94	2.16808
-10.95	2.16802
-10.96	2.16795
-10.97	2.16788
-10.98	2.16781
-10.99	2.16775
-11	2.16768
-11.01	2.16761
-11.02	2.16754
-11.03	2.16748
-11.04	2.16741
-11.05	2.16734
-11.06	2.16728
-11.07	2.16721
-11.08	2.16714
-11.09	2.16708
-11.1	2.16701
-11.11	2.16695
-11.12	2.16688
-11.13	2.16681
-11.14	2.16675
-11.15	2.16668
-11.16	2.16662
-11.17	2.16655
-11.18	2.16649
-11.19	2.16642
-11.2	2.16636
-11.21	2.16629
-11.22	2.16623
-11.23	2.16616
-11.24	2.1661
-11.25	2.16604
-11.26	2.16597
-11.27	2.16591
-11.28	2.16584
-11.29	2.16578
-11.3	2.16572
-11.31	2.16565
-11.32	2.16559
-11.33	2.16553
-11.34	2.16546
-11.35	2.1654
-11.36	2.16534
-11.37	2.16527
-11.38	2.16521
-11.39	2.16515
-11.4	2.16508
-11.41	2.16502
-11.42	2.16496
-11.43	2.1649
-11.44	2.16484
-11.45	2.16477
-11.46	2.16471
-11.47	2.16465
-11.48	2.16459
-11.49	2.16453
-11.5	2.16447
-11.51	2.1644
-11.52	2.16434
-11.53	2.16428
-11.54	2.16422
-11.55	2.16416
-11.56	2.1641
-11.57	2.16404
-11.58	2.16398
-11.59	2.16392
-11.6	2.16386
-11.61	2.1638
-11.62	2.16374
-11.63	2.16368
-11.64	2.16362
-11.65	2.16356
-11.66	2.1635
-11.67	2.16344
-11.68	2.16338
-11.69	2.16332
-11.7	2.16326
-11.71	2.1632
-11.72	2.16314
-11.73	2.16308
-11.74	2.16302
-11.75	2.16296
-11.76	2.1629
-11.77	2.16285
-11.78	2.16279
-11.79	2.16273
-11.8	2.16267
-11.81	2.16261
-11.82	2.16255
-11.83	2.1625
-11.84	2.16244
-11.85	2.16238
-11.86	2.16232
-11.87	2.16227
-11.88	2.16221
-11.89	2.16215
-11.9	2.16209
-11.91	2.16204
-11.92	2.16198
-11.93	2.16192
-11.94	2.16187
-11.95	2.16181
-11.96	2.16175
-11.97	2.1617
-11.98	2.16164
-11.99	2.16158
-12	2.16153
-12.01	2.16147
-12.02	2.16141
-12.03	2.16136
-12.04	2.1613
-12.05	2.16125
-12.06	2.16119
-12.07	2.16113
-12.08	2.16108
-12.09	2.16102
-12.1	2.16097
-12.11	2.16091
-12.12	2.16086
-12.13	2.1608
-12.14	2.16075
-12.15	2.16069
-12.16	2.16064
-12.17	2.16058
-12.18	2.16053
-12.19	2.16047
-12.2	2.16042
-12.21	2.16037
-12.22	2.16031
-12.23	2.16026
-12.24	2.1602
-12.25	2.16015
-12.26	2.16009
-12.27	2.16004
-12.28	2.15999
-12.29	2.15993
-12.3	2.15988
-12.31	2.15983
-12.32	2.15977
-12.33	2.15972
-12.34	2.15967
-12.35	2.15961
-12.36	2.15956
-12.37	2.15951
-12.38	2.15945
-12.39	2.1594
-12.4	2.15935
-12.41	2.1593
-12.42	2.15924
-12.43	2.15919
-12.44	2.15914
-12.45	2.15909
-12.46	2.15904
-12.47	2.15898
-12.48	2.15893
-12.49	2.15888
-12.5	2.15883
-12.51	2.15878
-12.52	2.15872
-12.53	2.15867
-12.54	2.15862
-12.55	2.15857
-12.56	2.15852
-12.57	2.15847
-12.58	2.15842
-12.59	2.15837
-12.6	2.15831
-12.61	2.15826
-12.62	2.15821
-12.63	2.15816
-12.64	2.15811
-12.65	2.15806
-12.66	2.15801
-12.67	2.15796
-12.68	2.15791
-12.69	2.15786
-12.7	2.15781
-12.71	2.15776
-12.72	2.15771
-12.73	2.15766
-12.74	2.15761
-12.75	2.15756
-12.76	2.15751
-12.77	2.15746
-12.78	2.15741
-12.79	2.15736
-12.8	2.15731
-12.81	2.15726
-12.82	2.15721
-12.83	2.15716
-12.84	2.15712
-12.85	2.15707
-12.86	2.15702
-12.87	2.15697
-12.88	2.15692
-12.89	2.15687
-12.9	2.15682
-12.91	2.15677
-12.92	2.15673
-12.93	2.15668
-12.94	2.15663
-12.95	2.15658
-12.96	2.15653
-12.97	2.15648
-12.98	2.15644
-12.99	2.15639
-13	2.15634
-13.01	2.15629
-13.02	2.15625
-13.03	2.1562
-13.04	2.15615
-13.05	2.1561
-13.06	2.15606
-13.07	2.15601
-13.08	2.15596
-13.09	2.15591
-13.1	2.15587
-13.11	2.15582
-13.12	2.15577
-13.13	2.15573
-13.14	2.15568
-13.15	2.15563
-13.16	2.15559
-13.17	2.15554
-13.18	2.15549
-13.19	2.15545
-13.2	2.1554
-13.21	2.15535
-13.22	2.15531
-13.23	2.15526
-13.24	2.15522
-13.25	2.15517
-13.26	2.15512
-13.27	2.15508
-13.28	2.15503
-13.29	2.15499
-13.3	2.15494
-13.31	2.1549
-13.32	2.15485
-13.33	2.1548
-13.34	2.15476
-13.35	2.15471
-13.36	2.15467
-13.37	2.15462
-13.38	2.15458
-13.39	2.15453
-13.4	2.15449
-13.41	2.15444
-13.42	2.1544
-13.43	2.15435
-13.44	2.15431
-13.45	2.15427
-13.46	2.15422
-13.47	2.15418
-13.48	2.15413
-13.49	2.15409
-13.5	2.15404
-13.51	2.154
-13.52	2.15395
-13.53	2.15391
-13.54	2.15387
-13.55	2.15382
-13.56	2.15378
-13.57	2.15374
-13.58	2.15369
-13.59	2.15365
-13.6	2.1536
-13.61	2.15356
-13.62	2.15352
-13.63	2.15347
-13.64	2.15343
-13.65	2.15339
-13.66	2.15334
-13.67	2.1533
-13.68	2.15326
-13.69	2.15321
-13.7	2.15317
-13.71	2.15313
-13.72	2.15309
-13.73	2.15304
-13.74	2.153
-13.75	2.15296
-13.76	2.15292
-13.77	2.15287
-13.78	2.15283
-13.79	2.15279
-13.8	2.15275
-13.81	2.1527
-13.82	2.15266
-13.83	2.15262
-13.84	2.15258
-13.85	2.15254
-13.86	2.15249
-13.87	2.15245
-13.88	2.15241
-13.89	2.15237
-13.9	2.15233
-13.91	2.15228
-13.92	2.15224
-13.93	2.1522
-13.94	2.15216
-13.95	2.15212
-13.96	2.15208
-13.97	2.15204
-13.98	2.152
-13.99	2.15195
-14	2.15191
-14.01	2.15187
-14.02	2.15183
-14.03	2.15179
-14.04	2.15175
-14.05	2.15171
-14.06	2.15167
-14.07	2.15163
-14.08	2.15159
-14.09	2.15155
-14.1	2.15151
-14.11	2.15146
-14.12	2.15142
-14.13	2.15138
-14.14	2.15134
-14.15	2.1513
-14.16	2.15126
-14.17	2.15122
-14.18	2.15118
-14.19	2.15114
-14.2	2.1511
-14.21	2.15106
-14.22	2.15102
-14.23	2.15098
-14.24	2.15094
-14.25	2.1509
-14.26	2.15087
-14.27	2.15083
-14.28	2.15079
-14.29	2.15075
-14.3	2.15071
-14.31	2.15067
-14.32	2.15063
-14.33	2.15059
-14.34	2.15055
-14.35	2.15051
-14.36	2.15047
-14.37	2.15043
-14.38	2.15039
-14.39	2.15036
-14.4	2.15032
-14.41	2.15028
-14.42	2.15024
-14.43	2.1502
-14.44	2.15016
-14.45	2.15012
-14.46	2.15009
-14.47	2.15005
-14.48	2.15001
-14.49	2.14997
-14.5	2.14993
-14.51	2.14989
-14.52	2.14986
-14.53	2.14982
-14.54	2.14978
-14.55	2.14974
-14.56	2.1497
-14.57	2.14967
-14.58	2.14963
-14.59	2.14959
-14.6	2.14955
-14.61	2.14952
-14.62	2.14948
-14.63	2.14944
-14.64	2.1494
-14.65	2.14937
-14.66	2.14933
-14.67	2.14929
-14.68	2.14925
-14.69	2.14922
-14.7	2.14918
-14.71	2.14914
-14.72	2.1491
-14.73	2.14907
-14.74	2.14903
-14.75	2.14899
-14.76	2.14896
-14.77	2.14892
-14.78	2.14888
-14.79	2.14885
-14.8	2.14881
-14.81	2.14877
-14.82	2.14874
-14.83	2.1487
-14.84	2.14866
-14.85	2.14863
-14.86	2.14859
-14.87	2.14855
-14.88	2.14852
-14.89	2.14848
-14.9	2.14845
-14.91	2.14841
-14.92	2.14837
-14.93	2.14834
-14.94	2.1483
-14.95	2.14827
-14.96	2.14823
-14.97	2.14819
-14.98	2.14816
-14.99	2.14812
-15	2.14809
-15.01	2.14805
-15.02	2.14802
-15.03	2.14798
-15.04	2.14794
-15.05	2.14791
-15.06	2.14787
-15.07	2.14784
-15.08	2.1478
-15.09	2.14777
-15.1	2.14773
-15.11	2.1477
-15.12	2.14766
-15.13	2.14763
-15.14	2.14759
-15.15	2.14756
-15.16	2.14752
-15.17	2.14749
-15.18	2.14745
-15.19	2.14742
-15.2	2.14738
-15.21	2.14735
-15.22	2.14731
-15.23	2.14728
-15.24	2.14724
-15.25	2.14721
-15.26	2.14718
-15.27	2.14714
-15.28	2.14711
-15.29	2.14707
-15.3	2.14704
-15.31	2.147
-15.32	2.14697
-15.33	2.14694
-15.34	2.1469
-15.35	2.14687
-15.36	2.14683
-15.37	2.1468
-15.38	2.14677
-15.39	2.14673
-15.4	2.1467
-15.41	2.14666
-15.42	2.14663
-15.43	2.1466
-15.44	2.14656
-15.45	2.14653
-15.46	2.1465
-15.47	2.14646
-15.48	2.14643
-15.49	2.1464
-15.5	2.14636
-15.51	2.14633
-15.52	2.1463
-15.53	2.14626
-15.54	2.14623
-15.55	2.1462
-15.56	2.14616
-15.57	2.14613
-15.58	2.1461
-15.59	2.14606
-15.6	2.14603
-15.61	2.146
-15.62	2.14596
-15.63	2.14593
-15.64	2.1459
-15.65	2.14587
-15.66	2.14583
-15.67	2.1458
-15.68	2.14577
-15.69	2.14574
-15.7	2.1457
-15.71	2.14567
-15.72	2.14564
-15.73	2.14561
-15.74	2.14557
-15.75	2.14554
-15.76	2.14551
-15.77	2.14548
-15.78	2.14544
-15.79	2.14541
-15.8	2.14538
-15.81	2.14535
-15.82	2.14532
-15.83	2.14528
-15.84	2.14525
-15.85	2.14522
-15.86	2.14519
-15.87	2.14516
-15.88	2.14513
-15.89	2.14509
-15.9	2.14506
-15.91	2.14503
-15.92	2.145
-15.93	2.14497
-15.94	2.14494
-15.95	2.1449
-15.96	2.14487
-15.97	2.14484
-15.98	2.14481
-15.99	2.14478
-16	2.14475
-16.01	2.14472
-16.02	2.14468
-16.03	2.14465
-16.04	2.14462
-16.05	2.14459
-16.06	2.14456
-16.07	2.14453
-16.08	2.1445
-16.09	2.14447
-16.1	2.14444
-16.11	2.14441
-16.12	2.14438
-16.13	2.14434
-16.14	2.14431
-16.15	2.14428
-16.16	2.14425
-16.17	2.14422
-16.18	2.14419
-16.19	2.14416
-16.2	2.14413
-16.21	2.1441
-16.22	2.14407
-16.23	2.14404
-16.24	2.14401
-16.25	2.14398
-16.26	2.14395
-16.27	2.14392
-16.28	2.14389
-16.29	2.14386
-16.3	2.14383
-16.31	2.1438
-16.32	2.14377
-16.33	2.14374
-16.34	2.14371
-16.35	2.14368
-16.36	2.14365
-16.37	2.14362
-16.38	2.14359
-16.39	2.14356
-16.4	2.14353
-16.41	2.1435
-16.42	2.14347
-16.43	2.14344
-16.44	2.14341
-16.45	2.14338
-16.46	2.14335
-16.47	2.14332
-16.48	2.14329
-16.49	2.14326
-16.5	2.14323
-16.51	2.1432
-16.52	2.14317
-16.53	2.14314
-16.54	2.14312
-16.55	2.14309
-16.56	2.14306
-16.57	2.14303
-16.58	2.143
-16.59	2.14297
-16.6	2.14294
-16.61	2.14291
-16.62	2.14288
-16.63	2.14285
-16.64	2.14282
-16.65	2.1428
-16.66	2.14277
-16.67	2.14274
-16.68	2.14271
-16.69	2.14268
-16.7	2.14265
-16.71	2.14262
-16.72	2.14259
-16.73	2.14257
-16.74	2.14254
-16.75	2.14251
-16.76	2.14248
-16.77	2.14245
-16.78	2.14242
-16.79	2.1424
-16.8	2.14237
-16.81	2.14234
-16.82	2.14231
-16.83	2.14228
-16.84	2.14225
-16.85	2.14223
-16.86	2.1422
-16.87	2.14217
-16.88	2.14214
-16.89	2.14211
-16.9	2.14209
-16.91	2.14206
-16.92	2.14203
-16.93	2.142
-16.94	2.14197
-16.95	2.14195
-16.96	2.14192
-16.97	2.14189
-16.98	2.14186
-16.99	2.14184
-17	2.14181
-17.01	2.14178
-17.02	2.14175
-17.03	2.14173
-17.04	2.1417
-17.05	2.14167
-17.06	2.14164
-17.07	2.14162
-17.08	2.14159
-17.09	2.14156
-17.1	2.14153
-17.11	2.14151
-17.12	2.14148
-17.13	2.14145
-17.14	2.14142
-17.15	2.1414
-17.16	2.14137
-17.17	2.14134
-17.18	2.14132
-17.19	2.14129
-17.2	2.14126
-17.21	2.14123
-17.22	2.14121
-17.23	2.14118
-17.24	2.14115
-17.25	2.14113
-17.26	2.1411
-17.27	2.14107
-17.28	2.14105
-17.29	2.14102
-17.3	2.14099
-17.31	2.14097
-17.32	2.14094
-17.33	2.14091
-17.34	2.14089
-17.35	2.14086
-17.36	2.14083
-17.37	2.14081
-17.38	2.14078
-17.39	2.14075
-17.4	2.14073
-17.41	2.1407
-17.42	2.14068
-17.43	2.14065
-17.44	2.14062
-17.45	2.1406
-17.46	2.14057
-17.47	2.14054
-17.48	2.14052
-17.49	2.14049
-17.5	2.14047
-17.51	2.14044
-17.52	2.14041
-17.53	2.14039
-17.54	2.14036
-17.55	2.14034
-17.56	2.14031
-17.57	2.14028
-17.58	2.14026
-17.59	2.14023
-17.6	2.14021
-17.61	2.14018
-17.62	2.14016
-17.63	2.14013
-17.64	2.1401
-17.65	2.14008
-17.66	2.14005
-17.67	2.14003
-17.68	2.14
-17.69	2.13998
-17.7	2.13995
-17.71	2.13993
-17.72	2.1399
-17.73	2.13987
-17.74	2.13985
-17.75	2.13982
-17.76	2.1398
-17.77	2.13977
-17.78	2.13975
-17.79	2.13972
-17.8	2.1397
-17.81	2.13967
-17.82	2.13965
-17.83	2.13962
-17.84	2.1396
-17.85	2.13957
-17.86	2.13955
-17.87	2.13952
-17.88	2.1395
-17.89	2.13947
-17.9	2.13945
-17.91	2.13942
-17.92	2.1394
-17.93	2.13937
-17.94	2.13935
-17.95	2.13932
-17.96	2.1393
-17.97	2.13927
-17.98	2.13925
-17.99	2.13922
-18	2.1392
-18.01	2.13918
-18.02	2.13915
-18.03	2.13913
-18.04	2.1391
-18.05	2.13908
-18.06	2.13905
-18.07	2.13903
-18.08	2.139
-18.09	2.13898
-18.1	2.13896
-18.11	2.13893
-18.12	2.13891
-18.13	2.13888
-18.14	2.13886
-18.15	2.13883
-18.16	2.13881
-18.17	2.13879
-18.18	2.13876
-18.19	2.13874
-18.2	2.13871
-18.21	2.13869
-18.22	2.13867
-18.23	2.13864
-18.24	2.13862
-18.25	2.13859
-18.26	2.13857
-18.27	2.13855
-18.28	2.13852
-18.29	2.1385
-18.3	2.13847
-18.31	2.13845
-18.32	2.13843
-18.33	2.1384
-18.34	2.13838
-18.35	2.13836
-18.36	2.13833
-18.37	2.13831
-18.38	2.13828
-18.39	2.13826
-18.4	2.13824
-18.41	2.13821
-18.42	2.13819
-18.43	2.13817
-18.44	2.13814
-18.45	2.13812
-18.46	2.1381
-18.47	2.13807
-18.48	2.13805
-18.49	2.13803
-18.5	2.138
-18.51	2.13798
-18.52	2.13796
-18.53	2.13793
-18.54	2.13791
-18.55	2.13789
-18.56	2.13786
-18.57	2.13784
-18.58	2.13782
-18.59	2.1378
-18.6	2.13777
-18.61	2.13775
-18.62	2.13773
-18.63	2.1377
-18.64	2.13768
-18.65	2.13766
-18.66	2.13763
-18.67	2.13761
-18.68	2.13759
-18.69	2.13757
-18.7	2.13754
-18.71	2.13752
-18.72	2.1375
-18.73	2.13748
-18.74	2.13745
-18.75	2.13743
-18.76	2.13741
-18.77	2.13738
-18.78	2.13736
-18.79	2.13734
-18.8	2.13732
-18.81	2.13729
-18.82	2.13727
-18.83	2.13725
-18.84	2.13723
-18.85	2.1372
-18.86	2.13718
-18.87	2.13716
-18.88	2.13714
-18.89	2.13712
-18.9	2.13709
-18.91	2.13707
-18.92	2.13705
-18.93	2.13703
-18.94	2.137
-18.95	2.13698
-18.96	2.13696
-18.97	2.13694
-18.98	2.13692
-18.99	2.13689
-19	2.13687
-19.01	2.13685
-19.02	2.13683
-19.03	2.13681
-19.04	2.13678
-19.05	2.13676
-19.06	2.13674
-19.07	2.13672
-19.08	2.1367
-19.09	2.13667
-19.1	2.13665
-19.11	2.13663
-19.12	2.13661
-19.13	2.13659
-19.14	2.13656
-19.15	2.13654
-19.16	2.13652
-19.17	2.1365
-19.18	2.13648
-19.19	2.13646
-19.2	2.13644
-19.21	2.13641
-19.22	2.13639
-19.23	2.13637
-19.24	2.13635
-19.25	2.13633
-19.26	2.13631
-19.27	2.13628
-19.28	2.13626
-19.29	2.13624
-19.3	2.13622
-19.31	2.1362
-19.32	2.13618
-19.33	2.13616
-19.34	2.13614
-19.35	2.13611
-19.36	2.13609
-19.37	2.13607
-19.38	2.13605
-19.39	2.13603
-19.4	2.13601
-19.41	2.13599
-19.42	2.13597
-19.43	2.13594
-19.44	2.13592
-19.45	2.1359
-19.46	2.13588
-19.47	2.13586
-19.48	2.13584
-19.49	2.13582
-19.5	2.1358
-19.51	2.13578
-19.52	2.13576
-19.53	2.13574
-19.54	2.13571
-19.55	2.13569
-19.56	2.13567
-19.57	2.13565
-19.58	2.13563
-19.59	2.13561
-19.6	2.13559
-19.61	2.13557
-19.62	2.13555
-19.63	2.13553
-19.64	2.13551
-19.65	2.13549
-19.66	2.13547
-19.67	2.13545
-19.68	2.13542
-19.69	2.1354
-19.7	2.13538
-19.71	2.13536
-19.72	2.13534
-19.73	2.13532
-19.74	2.1353
-19.75	2.13528
-19.76	2.13526
-19.77	2.13524
-19.78	2.13522
-19.79	2.1352
-19.8	2.13518
-19.81	2.13516
-19.82	2.13514
-19.83	2.13512
-19.84	2.1351
-19.85	2.13508
-19.86	2.13506
-19.87	2.13504
-19.88	2.13502
-19.89	2.135
-19.9	2.13498
-19.91	2.13496
-19.92	2.13494
-19.93	2.13492
-19.94	2.1349
-19.95	2.13488
-19.96	2.13486
-19.97	2.13484
-19.98	2.13482
-19.99	2.1348
-20	2.13478
-20.01	2.13476
-20.02	2.13474
-20.03	2.13472
-20.04	2.1347
-20.05	2.13468
-20.06	2.13466
-20.07	2.13464
-20.08	2.13462
-20.09	2.1346
-20.1	2.13458
-20.11	2.13456
-20.12	2.13454
-20.13	2.13452
-20.14	2.1345
-20.15	2.13448
-20.16	2.13446
-20.17	2.13444
-20.18	2.13442
-20.19	2.1344
-20.2	2.13439
-20.21	2.13437
-20.22	2.13435
-20.23	2.13433
-20.24	2.13431
-20.25	2.13429
-20.26	2.13427
-20.27	2.13425
-20.28	2.13423
-20.29	2.13421
-20.3	2.13419
-20.31	2.13417
-20.32	2.13415
-20.33	2.13413
-20.34	2.13411
-20.35	2.1341
-20.36	2.13408
-20.37	2.13406
-20.38	2.13404
-20.39	2.13402
-20.4	2.134
-20.41	2.13398
-20.42	2.13396
-20.43	2.13394
-20.44	2.13392
-20.45	2.1339
-20.46	2.13389
-20.47	2.13387
-20.48	2.13385
-20.49	2.13383
-20.5	2.13381
-20.51	2.13379
-20.52	2.13377
-20.53	2.13375
-20.54	2.13373
-20.55	2.13372
-20.56	2.1337
-20.57	2.13368
-20.58	2.13366
-20.59	2.13364
-20.6	2.13362
-20.61	2.1336
-20.62	2.13358
-20.63	2.13357
-20.64	2.13355
-20.65	2.13353
-20.66	2.13351
-20.67	2.13349
-20.68	2.13347
-20.69	2.13345
-20.7	2.13344
-20.71	2.13342
-20.72	2.1334
-20.73	2.13338
-20.74	2.13336
-20.75	2.13334
-20.76	2.13333
-20.77	2.13331
-20.78	2.13329
-20.79	2.13327
-20.8	2.13325
-20.81	2.13323
-20.82	2.13321
-20.83	2.1332
-20.84	2.13318
-20.85	2.13316
-20.86	2.13314
-20.87	2.13312
-20.88	2.13311
-20.89	2.13309
-20.9	2.13307
-20.91	2.13305
-20.92	2.13303
-20.93	2.13301
-20.94	2.133
-20.95	2.13298
-20.96	2.13296
-20.97	2.13294
-20.98	2.13292
-20.99	2.13291
-21	2.13289
-21.01	2.13287
-21.02	2.13285
-21.03	2.13283
-21.04	2.13282
-21.05	2.1328
-21.06	2.13278
-21.07	2.13276
-21.08	2.13274
-21.09	2.13273
-21.1	2.13271
-21.11	2.13269
-21.12	2.13267
-21.13	2.13266
-21.14	2.13264
-21.15	2.13262
-21.16	2.1326
-21.17	2.13258
-21.18	2.13257
-21.19	2.13255
-21.2	2.13253
-21.21	2.13251
-21.22	2.1325
-21.23	2.13248
-21.24	2.13246
-21.25	2.13244
-21.26	2.13243
-21.27	2.13241
-21.28	2.13239
-21.29	2.13237
-21.3	2.13236
-21.31	2.13234
-21.32	2.13232
-21.33	2.1323
-21.34	2.13229
-21.35	2.13227
-21.36	2.13225
-21.37	2.13223
-21.38	2.13222
-21.39	2.1322
-21.4	2.13218
-21.41	2.13216
-21.42	2.13215
-21.43	2.13213
-21.44	2.13211
-21.45	2.1321
-21.46	2.13208
-21.47	2.13206
-21.48	2.13204
-21.49	2.13203
-21.5	2.13201
-21.51	2.13199
-21.52	2.13198
-21.53	2.13196
-21.54	2.13194
-21.55	2.13192
-21.56	2.13191
-21.57	2.13189
-21.58	2.13187
-21.59	2.13186
-21.6	2.13184
-21.61	2.13182
-21.62	2.13181
-21.63	2.13179
-21.64	2.13177
-21.65	2.13175
-21.66	2.13174
-21.67	2.13172
-21.68	2.1317
-21.69	2.13169
-21.7	2.13167
-21.71	2.13165
-21.72	2.13164
-21.73	2.13162
-21.74	2.1316
-21.75	2.13159
-21.76	2.13157
-21.77	2.13155
-21.78	2.13154
-21.79	2.13152
-21.8	2.1315
-21.81	2.13149
-21.82	2.13147
-21.83	2.13145
-21.84	2.13144
-21.85	2.13142
-21.86	2.1314
-21.87	2.13139
-21.88	2.13137
-21.89	2.13135
-21.9	2.13134
-21.91	2.13132
-21.92	2.1313
-21.93	2.13129
-21.94	2.13127
-21.95	2.13125
-21.96	2.13124
-21.97	2.13122
-21.98	2.1312
-21.99	2.13119
-22	2.13117
-22.01	2.13116
-22.02	2.13114
-22.03	2.13112
-22.04	2.13111
-22.05	2.13109
-22.06	2.13107
-22.07	2.13106
-22.08	2.13104
-22.09	2.13103
-22.1	2.13101
-22.11	2.13099
-22.12	2.13098
-22.13	2.13096
-22.14	2.13094
-22.15	2.13093
-22.16	2.13091
-22.17	2.1309
-22.18	2.13088
-22.19	2.13086
-22.2	2.13085
-22.21	2.13083
-22.22	2.13082
-22.23	2.1308
-22.24	2.13078
-22.25	2.13077
-22.26	2.13075
-22.27	2.13074
-22.28	2.13072
-22.29	2.1307
-22.3	2.13069
-22.31	2.13067
-22.32	2.13066
-22.33	2.13064
-22.34	2.13062
-22.35	2.13061
-22.36	2.13059
-22.37	2.13058
-22.38	2.13056
-22.39	2.13054
-22.4	2.13053
-22.41	2.13051
-22.42	2.1305
-22.43	2.13048
-22.44	2.13047
-22.45	2.13045
-22.46	2.13043
-22.47	2.13042
-22.48	2.1304
-22.49	2.13039
-22.5	2.13037
-22.51	2.13036
-22.52	2.13034
-22.53	2.13032
-22.54	2.13031
-22.55	2.13029
-22.56	2.13028
-22.57	2.13026
-22.58	2.13025
-22.59	2.13023
-22.6	2.13022
-22.61	2.1302
-22.62	2.13019
-22.63	2.13017
-22.64	2.13015
-22.65	2.13014
-22.66	2.13012
-22.67	2.13011
-22.68	2.13009
-22.69	2.13008
-22.7	2.13006
-22.71	2.13005
-22.72	2.13003
-22.73	2.13002
-22.74	2.13
-22.75	2.12999
-22.76	2.12997
-22.77	2.12995
-22.78	2.12994
-22.79	2.12992
-22.8	2.12991
-22.81	2.12989
-22.82	2.12988
-22.83	2.12986
-22.84	2.12985
-22.85	2.12983
-22.86	2.12982
-22.87	2.1298
-22.88	2.12979
-22.89	2.12977
-22.9	2.12976
-22.91	2.12974
-22.92	2.12973
-22.93	2.12971
-22.94	2.1297
-22.95	2.12968
-22.96	2.12967
-22.97	2.12965
-22.98	2.12964
-22.99	2.12962
-23	2.12961
-23.01	2.12959
-23.02	2.12958
-23.03	2.12956
-23.04	2.12955
-23.05	2.12953
-23.06	2.12952
-23.07	2.1295
-23.08	2.12949
-23.09	2.12947
-23.1	2.12946
-23.11	2.12944
-23.12	2.12943
-23.13	2.12941
-23.14	2.1294
-23.15	2.12938
-23.16	2.12937
-23.17	2.12935
-23.18	2.12934
-23.19	2.12932
-23.2	2.12931
-23.21	2.1293
-23.22	2.12928
-23.23	2.12927
-23.24	2.12925
-23.25	2.12924
-23.26	2.12922
-23.27	2.12921
-23.28	2.12919
-23.29	2.12918
-23.3	2.12916
-23.31	2.12915
-23.32	2.12913
-23.33	2.12912
-23.34	2.12911
-23.35	2.12909
-23.36	2.12908
-23.37	2.12906
-23.38	2.12905
-23.39	2.12903
-23.4	2.12902
-23.41	2.129
-23.42	2.12899
-23.43	2.12898
-23.44	2.12896
-23.45	2.12895
-23.46	2.12893
-23.47	2.12892
-23.48	2.1289
-23.49	2.12889
-23.5	2.12887
-23.51	2.12886
-23.52	2.12885
-23.53	2.12883
-23.54	2.12882
-23.55	2.1288
-23.56	2.12879
-23.57	2.12877
-23.58	2.12876
-23.59	2.12875
-23.6	2.12873
-23.61	2.12872
-23.62	2.1287
-23.63	2.12869
-23.64	2.12868
-23.65	2.12866
-23.66	2.12865
-23.67	2.12863
-23.68	2.12862
-23.69	2.1286
-23.7	2.12859
-23.71	2.12858
-23.72	2.12856
-23.73	2.12855
-23.74	2.12853
-23.75	2.12852
-23.76	2.12851
-23.77	2.12849
-23.78	2.12848
-23.79	2.12846
-23.8	2.12845
-23.81	2.12844
-23.82	2.12842
-23.83	2.12841
-23.84	2.12839
-23.85	2.12838
-23.86	2.12837
-23.87	2.12835
-23.88	2.12834
-23.89	2.12833
-23.9	2.12831
-23.91	2.1283
-23.92	2.12828
-23.93	2.12827
-23.94	2.12826
-23.95	2.12824
-23.96	2.12823
-23.97	2.12821
-23.98	2.1282
-23.99	2.12819
-24	2.12817
-24.01	2.12816
-24.02	2.12815
-24.03	2.12813
-24.04	2.12812
-24.05	2.12811
-24.06	2.12809
-24.07	2.12808
-24.08	2.12806
-24.09	2.12805
-24.1	2.12804
-24.11	2.12802
-24.12	2.12801
-24.13	2.128
-24.14	2.12798
-24.15	2.12797
-24.16	2.12796
-24.17	2.12794
-24.18	2.12793
-24.19	2.12791
-24.2	2.1279
-24.21	2.12789
-24.22	2.12787
-24.23	2.12786
-24.24	2.12785
-24.25	2.12783
-24.26	2.12782
-24.27	2.12781
-24.28	2.12779
-24.29	2.12778
-24.3	2.12777
-24.31	2.12775
-24.32	2.12774
-24.33	2.12773
-24.34	2.12771
-24.35	2.1277
-24.36	2.12769
-24.37	2.12767
-24.38	2.12766
-24.39	2.12765
-24.4	2.12763
-24.41	2.12762
-24.42	2.12761
-24.43	2.12759
-24.44	2.12758
-24.45	2.12757
-24.46	2.12755
-24.47	2.12754
-24.48	2.12753
-24.49	2.12751
-24.5	2.1275
-24.51	2.12749
-24.52	2.12748
-24.53	2.12746
-24.54	2.12745
-24.55	2.12744
-24.56	2.12742
-24.57	2.12741
-24.58	2.1274
-24.59	2.12738
-24.6	2.12737
-24.61	2.12736
-24.62	2.12734
-24.63	2.12733
-24.64	2.12732
-24.65	2.12731
-24.66	2.12729
-24.67	2.12728
-24.68	2.12727
-24.69	2.12725
-24.7	2.12724
-24.71	2.12723
-24.72	2.12721
-24.73	2.1272
-24.74	2.12719
-24.75	2.12718
-24.76	2.12716
-24.77	2.12715
-24.78	2.12714
-24.79	2.12712
-24.8	2.12711
-24.81	2.1271
-24.82	2.12709
-24.83	2.12707
-24.84	2.12706
-24.85	2.12705
-24.86	2.12703
-24.87	2.12702
-24.88	2.12701
-24.89	2.127
-24.9	2.12698
-24.91	2.12697
-24.92	2.12696
-24.93	2.12695
-24.94	2.12693
-24.95	2.12692
-24.96	2.12691
-24.97	2.12689
-24.98	2.12688
-24.99	2.12687
-25	2.12686
-25.01	2.12684
-25.02	2.12683
-25.03	2.12682
-25.04	2.12681
-25.05	2.12679
-25.06	2.12678
-25.07	2.12677
-25.08	2.12676
-25.09	2.12674
-25.1	2.12673
-25.11	2.12672
-25.12	2.12671
-25.13	2.12669
-25.14	2.12668
-25.15	2.12667
-25.16	2.12666
-25.17	2.12664
-25.18	2.12663
-25.19	2.12662
-25.2	2.12661
-25.21	2.12659
-25.22	2.12658
-25.23	2.12657
-25.24	2.12656
-25.25	2.12654
-25.26	2.12653
-25.27	2.12652
-25.28	2.12651
-25.29	2.12649
-25.3	2.12648
-25.31	2.12647
-25.32	2.12646
-25.33	2.12644
-25.34	2.12643
-25.35	2.12642
-25.36	2.12641
-25.37	2.1264
-25.38	2.12638
-25.39	2.12637
-25.4	2.12636
-25.41	2.12635
-25.42	2.12633
-25.43	2.12632
-25.44	2.12631
-25.45	2.1263
-25.46	2.12629
-25.47	2.12627
-25.48	2.12626
-25.49	2.12625
-25.5	2.12624
-25.51	2.12622
-25.52	2.12621
-25.53	2.1262
-25.54	2.12619
-25.55	2.12618
-25.56	2.12616
-25.57	2.12615
-25.58	2.12614
-25.59	2.12613
-25.6	2.12612
-25.61	2.1261
-25.62	2.12609
-25.63	2.12608
-25.64	2.12607
-25.65	2.12606
-25.66	2.12604
-25.67	2.12603
-25.68	2.12602
-25.69	2.12601
-25.7	2.126
-25.71	2.12598
-25.72	2.12597
-25.73	2.12596
-25.74	2.12595
-25.75	2.12594
-25.76	2.12592
-25.77	2.12591
-25.78	2.1259
-25.79	2.12589
-25.8	2.12588
-25.81	2.12587
-25.82	2.12585
-25.83	2.12584
-25.84	2.12583
-25.85	2.12582
-25.86	2.12581
-25.87	2.12579
-25.88	2.12578
-25.89	2.12577
-25.9	2.12576
-25.91	2.12575
-25.92	2.12574
-25.93	2.12572
-25.94	2.12571
-25.95	2.1257
-25.96	2.12569
-25.97	2.12568
-25.98	2.12567
-25.99	2.12565
-26	2.12564
-26.01	2.12563
-26.02	2.12562
-26.03	2.12561
-26.04	2.1256
-26.05	2.12558
-26.06	2.12557
-26.07	2.12556
-26.08	2.12555
-26.09	2.12554
-26.1	2.12553
-26.11	2.12551
-26.12	2.1255
-26.13	2.12549
-26.14	2.12548
-26.15	2.12547
-26.16	2.12546
-26.17	2.12544
-26.18	2.12543
-26.19	2.12542
-26.2	2.12541
-26.21	2.1254
-26.22	2.12539
-26.23	2.12538
-26.24	2.12536
-26.25	2.12535
-26.26	2.12534
-26.27	2.12533
-26.28	2.12532
-26.29	2.12531
-26.3	2.1253
-26.31	2.12528
-26.32	2.12527
-26.33	2.12526
-26.34	2.12525
-26.35	2.12524
-26.36	2.12523
-26.37	2.12522
-26.38	2.1252
-26.39	2.12519
-26.4	2.12518
-26.41	2.12517
-26.42	2.12516
-26.43	2.12515
-26.44	2.12514
-26.45	2.12513
-26.46	2.12511
-26.47	2.1251
-26.48	2.12509
-26.49	2.12508
-26.5	2.12507
-26.51	2.12506
-26.52	2.12505
-26.53	2.12504
-26.54	2.12502
-26.55	2.12501
-26.56	2.125
-26.57	2.12499
-26.58	2.12498
-26.59	2.12497
-26.6	2.12496
-26.61	2.12495
-26.62	2.12494
-26.63	2.12492
-26.64	2.12491
-26.65	2.1249
-26.66	2.12489
-26.67	2.12488
-26.68	2.12487
-26.69	2.12486
-26.7	2.12485
-26.71	2.12484
-26.72	2.12482
-26.73	2.12481
-26.74	2.1248
-26.75	2.12479
-26.76	2.12478
-26.77	2.12477
-26.78	2.12476
-26.79	2.12475
-26.8	2.12474
-26.81	2.12473
-26.82	2.12471
-26.83	2.1247
-26.84	2.12469
-26.85	2.12468
-26.86	2.12467
-26.87	2.12466
-26.88	2.12465
-26.89	2.12464
-26.9	2.12463
-26.91	2.12462
-26.92	2.1246
-26.93	2.12459
-26.94	2.12458
-26.95	2.12457
-26.96	2.12456
-26.97	2.12455
-26.98	2.12454
-26.99	2.12453
-27	2.12452
-27.01	2.12451
-27.02	2.1245
-27.03	2.12449
-27.04	2.12448
-27.05	2.12446
-27.06	2.12445
-27.07	2.12444
-27.08	2.12443
-27.09	2.12442
-27.1	2.12441
-27.11	2.1244
-27.12	2.12439
-27.13	2.12438
-27.14	2.12437
-27.15	2.12436
-27.16	2.12435
-27.17	2.12434
-27.18	2.12432
-27.19	2.12431
-27.2	2.1243
-27.21	2.12429
-27.22	2.12428
-27.23	2.12427
-27.24	2.12426
-27.25	2.12425
-27.26	2.12424
-27.27	2.12423
-27.28	2.12422
-27.29	2.12421
-27.3	2.1242
-27.31	2.12419
-27.32	2.12418
-27.33	2.12417
-27.34	2.12416
-27.35	2.12414
-27.36	2.12413
-27.37	2.12412
-27.38	2.12411
-27.39	2.1241
-27.4	2.12409
-27.41	2.12408
-27.42	2.12407
-27.43	2.12406
-27.44	2.12405
-27.45	2.12404
-27.46	2.12403
-27.47	2.12402
-27.48	2.12401
-27.49	2.124
-27.5	2.12399
-27.51	2.12398
-27.52	2.12397
-27.53	2.12396
-27.54	2.12395
-27.55	2.12394
-27.56	2.12392
-27.57	2.12391
-27.58	2.1239
-27.59	2.12389
-27.6	2.12388
-27.61	2.12387
-27.62	2.12386
-27.63	2.12385
-27.64	2.12384
-27.65	2.12383
-27.66	2.12382
-27.67	2.12381
-27.68	2.1238
-27.69	2.12379
-27.7	2.12378
-27.71	2.12377
-27.72	2.12376
-27.73	2.12375
-27.74	2.12374
-27.75	2.12373
-27.76	2.12372
-27.77	2.12371
-27.78	2.1237
-27.79	2.12369
-27.8	2.12368
-27.81	2.12367
-27.82	2.12366
-27.83	2.12365
-27.84	2.12364
-27.85	2.12363
-27.86	2.12362
-27.87	2.12361
-27.88	2.1236
-27.89	2.12359
-27.9	2.12358
-27.91	2.12357
-27.92	2.12356
-27.93	2.12355
-27.94	2.12354
-27.95	2.12353
-27.96	2.12352
-27.97	2.12351
-27.98	2.1235
-27.99	2.12349
-28	2.12348
-28.01	2.12347
-28.02	2.12346
-28.03	2.12345
-28.04	2.12344
-28.05	2.12343
-28.06	2.12342
-28.07	2.12341
-28.08	2.1234
-28.09	2.12339
-28.1	2.12338
-28.11	2.12337
-28.12	2.12336
-28.13	2.12335
-28.14	2.12334
-28.15	2.12333
-28.16	2.12332
-28.17	2.12331
-28.18	2.1233
-28.19	2.12329
-28.2	2.12328
-28.21	2.12327
-28.22	2.12326
-28.23	2.12325
-28.24	2.12324
-28.25	2.12323
-28.26	2.12322
-28.27	2.12321
-28.28	2.1232
-28.29	2.12319
-28.3	2.12318
-28.31	2.12317
-28.32	2.12316
-28.33	2.12315
-28.34	2.12314
-28.35	2.12313
-28.36	2.12312
-28.37	2.12311
-28.38	2.1231
-28.39	2.12309
-28.4	2.12308
-28.41	2.12307
-28.42	2.12306
-28.43	2.12305
-28.44	2.12304
-28.45	2.12303
-28.46	2.12302
-28.47	2.12301
-28.48	2.123
-28.49	2.12299
-28.5	2.12298
-28.51	2.12297
-28.52	2.12296
-28.53	2.12295
-28.54	2.12294
-28.55	2.12293
-28.56	2.12292
-28.57	2.12291
-28.58	2.1229
-28.59	2.1229
-28.6	2.12289
-28.61	2.12288
-28.62	2.12287
-28.63	2.12286
-28.64	2.12285
-28.65	2.12284
-28.66	2.12283
-28.67	2.12282
-28.68	2.12281
-28.69	2.1228
-28.7	2.12279
-28.71	2.12278
-28.72	2.12277
-28.73	2.12276
-28.74	2.12275
-28.75	2.12274
-28.76	2.12273
-28.77	2.12272
-28.78	2.12271
-28.79	2.1227
-28.8	2.12269
-28.81	2.12268
-28.82	2.12268
-28.83	2.12267
-28.84	2.12266
-28.85	2.12265
-28.86	2.12264
-28.87	2.12263
-28.88	2.12262
-28.89	2.12261
-28.9	2.1226
-28.91	2.12259
-28.92	2.12258
-28.93	2.12257
-28.94	2.12256
-28.95	2.12255
-28.96	2.12254
-28.97	2.12253
-28.98	2.12252
-28.99	2.12251
-29	2.12251
-29.01	2.1225
-29.02	2.12249
-29.03	2.12248
-29.04	2.12247
-29.05	2.12246
-29.06	2.12245
-29.07	2.12244
-29.08	2.12243
-29.09	2.12242
-29.1	2.12241
-29.11	2.1224
-29.12	2.12239
-29.13	2.12238
-29.14	2.12238
-29.15	2.12237
-29.16	2.12236
-29.17	2.12235
-29.18	2.12234
-29.19	2.12233
-29.2	2.12232
-29.21	2.12231
-29.22	2.1223
-29.23	2.12229
-29.24	2.12228
-29.25	2.12227
-29.26	2.12226
-29.27	2.12226
-29.28	2.12225
-29.29	2.12224
-29.3	2.12223
-29.31	2.12222
-29.32	2.12221
-29.33	2.1222
-29.34	2.12219
-29.35	2.12218
-29.36	2.12217
-29.37	2.12216
-29.38	2.12215
-29.39	2.12215
-29.4	2.12214
-29.41	2.12213
-29.42	2.12212
-29.43	2.12211
-29.44	2.1221
-29.45	2.12209
-29.46	2.12208
-29.47	2.12207
-29.48	2.12206
-29.49	2.12205
-29.5	2.12205
-29.51	2.12204
-29.52	2.12203
-29.53	2.12202
-29.54	2.12201
-29.55	2.122
-29.56	2.12199
-29.57	2.12198
-29.58	2.12197
-29.59	2.12196
-29.6	2.12196
-29.61	2.12195
-29.62	2.12194
-29.63	2.12193
-29.64	2.12192
-29.65	2.12191
-29.66	2.1219
-29.67	2.12189
-29.68	2.12188
-29.69	2.12187
-29.7	2.12187
-29.71	2.12186
-29.72	2.12185
-29.73	2.12184
-29.74	2.12183
-29.75	2.12182
-29.76	2.12181
-29.77	2.1218
-29.78	2.12179
-29.79	2.12179
-29.8	2.12178
-29.81	2.12177
-29.82	2.12176
-29.83	2.12175
-29.84	2.12174
-29.85	2.12173
-29.86	2.12172
-29.87	2.12172
-29.88	2.12171
-29.89	2.1217
-29.9	2.12169
-29.91	2.12168
-29.92	2.12167
-29.93	2.12166
-29.94	2.12165
-29.95	2.12164
-29.96	2.12164
-29.97	2.12163
-29.98	2.12162
-29.99	2.12161
-30	2.1216